   3.33333341E-03   1.00000000    
   6.66666683E-03   1.00000000    
   9.99999978E-03   1.00000000    
   1.33333337E-02   1.00000000    
   1.66666675E-02   1.00000000    
   1.99999996E-02   1.00000000    
   2.33333334E-02   1.00000000    
   2.66666673E-02   1.00000000    
   3.00000012E-02   1.00000000    
   3.33333351E-02   1.00000000    
   3.66666690E-02   1.00000000    
   3.99999991E-02   1.00000000    
   4.33333330E-02   1.00000000    
   4.66666669E-02   1.00000000    
   5.00000007E-02   1.00000000    
   5.33333346E-02   1.00000000    
   5.66666685E-02   1.00000000    
   6.00000024E-02   1.00000000    
   6.33333325E-02   1.00000000    
   6.66666701E-02   1.00000000    
   7.00000003E-02   1.00000000    
   7.33333379E-02   1.00000000    
   7.66666681E-02   1.00000000    
   7.99999982E-02   1.00000000    
   8.33333358E-02   1.00000000    
   8.66666660E-02   1.00000000    
   9.00000036E-02   1.00000000    
   9.33333337E-02   1.00000000    
   9.66666713E-02   1.00000000    
  0.100000001       1.00000000    
  0.103333339       1.00000000    
  0.106666669       1.00000000    
  0.109999999       1.00000000    
  0.113333337       1.00000000    
  0.116666667       1.00000000    
  0.120000005       1.00000000    
  0.123333335       1.00000000    
  0.126666665       1.00000000    
  0.130000010       1.00000000    
  0.133333340       1.00000000    
  0.136666670       1.00000000    
  0.140000001       1.00000000    
  0.143333331       1.00000000    
  0.146666676       1.00000000    
  0.150000006       1.00000000    
  0.153333336       1.00000000    
  0.156666666       1.00000000    
  0.159999996       1.00000000    
  0.163333341       1.00000000    
  0.166666672       1.00000000    
  0.170000002       1.00000000    
  0.173333332       1.00000000    
  0.176666677       1.00000000    
  0.180000007       1.00000000    
  0.183333337       1.00000000    
  0.186666667       1.00000000    
  0.189999998       1.00000000    
  0.193333343       1.00000000    
  0.196666673       1.00000000    
  0.200000003       1.00000000    
  0.203333333       1.00000000    
  0.206666678       1.00000000    
  0.210000008       1.00000000    
  0.213333338       1.00000000    
  0.216666669       1.00000000    
  0.219999999       1.00000000    
  0.223333344       1.00000000    
  0.226666674       1.00000000    
  0.230000004       1.00000000    
  0.233333334       1.00000000    
  0.236666679       1.00000012    
  0.240000010       1.00000012    
  0.243333340       1.00000000    
  0.246666670       1.00000000    
  0.250000000       1.00000012    
  0.253333330       1.00000012    
  0.256666660       1.00000000    
  0.260000020       1.00000012    
  0.263333350       1.00000036    
  0.266666681       1.00000012    
  0.270000011       1.00000012    
  0.273333341       1.00000012    
  0.276666671       1.00000012    
  0.280000001       1.00000012    
  0.283333331       1.00000000    
  0.286666662       1.00000000    
  0.290000021       1.00000000    
  0.293333352       1.00000000    
  0.296666682       1.00000000    
  0.300000012       1.00000000    
  0.303333342      0.999999940    
  0.306666672      0.999998868    
  0.310000002      0.999998093    
  0.313333333      0.999998987    
  0.316666663       1.00000226    
  0.319999993       1.00000715    
  0.323333353       1.00001109    
  0.326666683       1.00001228    
  0.330000013       1.00000584    
  0.333333343      0.999985278    
  0.336666673      0.999939859    
  0.340000004      0.999853611    
  0.343333334      0.999705970    
  0.346666664      0.999468982    
  0.349999994      0.999105453    
  0.353333354      0.998564422    
  0.356666684      0.997776806    
  0.360000014      0.996650457    
  0.363333344      0.995063305    
  0.366666675      0.992860973    
  0.370000005      0.989860713    
  0.373333335      0.985836685    
  0.376666665      0.980446398    
  0.379999995      0.972655296    
  0.383333355      0.958098650    
  0.386666685      0.940386951    
  0.390000015      0.922912836    
  0.393333346      0.905531704    
  0.396666676      0.888177216    
  0.400000006      0.870209157    
  0.403333336      0.851635933    
  0.406666666      0.833091319    
  0.409999996      0.814593852    
  0.413333356      0.796179831    
  0.416666687      0.778243542    
  0.420000017      0.760679781    
  0.423333347      0.743066311    
  0.426666677      0.725385427    
  0.430000007      0.707599342    
  0.433333337      0.691383660    
  0.436666667      0.676683903    
  0.439999998      0.661782801    
  0.443333358      0.646701813    
  0.446666688      0.631482661    
  0.450000018      0.616992772    
  0.453333348      0.603560686    
  0.456666678      0.590295970    
  0.460000008      0.577030420    
  0.463333338      0.563624680    
  0.466666669      0.550581396    
  0.469999999      0.538111925    
  0.473333359      0.525808573    
  0.476666689      0.513503253    
  0.480000019      0.501042366    
  0.483333349      0.487981766    
  0.486666679      0.476018995    
  0.490000010      0.465873390    
  0.493333340      0.456206948    
  0.496666670      0.446564674    
  0.500000000      0.436782837    
  0.503333330      0.430229157    
  0.506666660      0.428807139    
  0.509999990      0.428836972    
  0.513333321      0.429598361    
  0.516666651      0.430632025    
  0.520000041      0.431298345    
  0.523333371      0.431245893    
  0.526666701      0.431120127    
  0.530000031      0.431026131    
  0.533333361      0.431127757    
  0.536666691      0.431083441    
  0.540000021      0.430527717    
  0.543333352      0.429685235    
  0.546666682      0.428800017    
  0.550000012      0.427916795    
  0.553333342      0.427105546    
  0.556666672      0.426483721    
  0.560000002      0.426270247    
  0.563333333      0.426761776    
  0.566666663      0.428350449    
  0.569999993      0.431239635    
  0.573333323      0.431233555    
  0.576666653      0.422895759    
  0.580000043      0.411641508    
  0.583333373      0.398346573    
  0.586666703      0.381317377    
  0.590000033      0.359681338    
  0.593333364      0.335139632    
  0.596666694      0.308534741    
  0.600000024      0.286211938    
  0.603333354      0.276220113    
  0.606666684      0.271179765    
  0.610000014      0.268048197    
  0.613333344      0.266741455    
  0.616666675      0.266985029    
  0.620000005      0.268067926    
  0.623333335      0.269486576    
  0.626666665      0.270628422    
  0.629999995      0.271008700    
  0.633333325      0.270767689    
  0.636666656      0.270393312    
  0.639999986      0.269957393    
  0.643333375      0.269528300    
  0.646666706      0.269173533    
  0.650000036      0.268880635    
  0.653333366      0.268588275    
  0.656666696      0.268299609    
  0.660000026      0.267986178    
  0.663333356      0.270729810    
  0.666666687      0.277835250    
  0.670000017      0.284068555    
  0.673333347      0.261256814    
  0.676666677      0.199778080    
  0.680000007      0.159428015    
  0.683333337      0.141046450    
  0.686666667      0.132661000    
  0.689999998      0.128662214    
  0.693333328      0.126717761    
  0.696666658      0.125769809    
  0.699999988      0.125313416    
  0.703333378      0.125103220    
  0.706666708      0.125017911    
  0.710000038      0.124993831    
  0.713333368      0.124994844    
  0.716666698      0.125000551    
  0.720000029      0.125002697    
  0.723333359      0.125001565    
  0.726666689      0.124999978    
  0.730000019      0.124999322    
  0.733333349      0.124999464    
  0.736666679      0.124999829    
  0.740000010      0.125000104    
  0.743333340      0.125000134    
  0.746666670      0.125000045    
  0.750000000      0.125000000    
  0.753333330      0.125000000    
  0.756666660      0.125000000    
  0.759999990      0.125000000    
  0.763333380      0.125000000    
  0.766666710      0.125000000    
  0.770000041      0.125000000    
  0.773333371      0.125000000    
  0.776666701      0.125000000    
  0.780000031      0.125000000    
  0.783333361      0.125000000    
  0.786666691      0.125000000    
  0.790000021      0.125000000    
  0.793333352      0.125000000    
  0.796666682      0.125000000    
  0.800000012      0.125000000    
  0.803333342      0.125000000    
  0.806666672      0.125000000    
  0.810000002      0.125000000    
  0.813333333      0.125000000    
  0.816666663      0.125000000    
  0.819999993      0.125000000    
  0.823333383      0.125000000    
  0.826666713      0.125000000    
  0.830000043      0.125000000    
  0.833333373      0.125000000    
  0.836666703      0.125000000    
  0.840000033      0.125000000    
  0.843333364      0.125000000    
  0.846666694      0.125000000    
  0.850000024      0.125000000    
  0.853333354      0.125000000    
  0.856666684      0.125000000    
  0.860000014      0.125000000    
  0.863333344      0.125000000    
  0.866666675      0.125000000    
  0.870000005      0.125000000    
  0.873333335      0.125000000    
  0.876666665      0.125000000    
  0.879999995      0.125000000    
  0.883333325      0.125000000    
  0.886666715      0.125000000    
  0.890000045      0.125000000    
  0.893333375      0.125000000    
  0.896666706      0.125000000    
  0.900000036      0.125000000    
  0.903333366      0.125000000    
  0.906666696      0.125000000    
  0.910000026      0.125000000    
  0.913333356      0.125000000    
  0.916666687      0.125000000    
  0.920000017      0.125000000    
  0.923333347      0.125000000    
  0.926666677      0.125000000    
  0.930000007      0.125000000    
  0.933333337      0.125000000    
  0.936666667      0.125000000    
  0.939999998      0.125000000    
  0.943333328      0.125000000    
  0.946666718      0.125000000    
  0.950000048      0.125000000    
  0.953333378      0.125000000    
  0.956666708      0.125000000    
  0.960000038      0.125000000    
  0.963333368      0.125000000    
  0.966666698      0.125000000    
  0.970000029      0.125000000    
  0.973333359      0.125000000    
  0.976666689      0.125000000    
  0.980000019      0.125000000    
  0.983333349      0.125000000    
  0.986666679      0.125000000    
  0.990000010      0.125000000    
  0.993333340      0.125000000    
  0.996666670      0.125000000    
   1.00000000      0.125000000    
