   3.33333341E-03   0.00000000       1.00000000       1.00000000       0.00000000    
   6.66666683E-03   6.72723885E-08  0.999999940       1.00000000       5.68555514E-08
   9.99999978E-03  -5.63189406E-09  0.999999881       1.00000012      -4.75981965E-09
   1.33333337E-02  -1.91322425E-08  0.999999821       1.00000000      -1.61696967E-08
   1.66666675E-02  -1.12438677E-07   1.00000024       1.00000012      -9.50280139E-08
   1.99999996E-02  -1.11413939E-07   1.00000036       1.00000012      -9.41619547E-08
   2.33333334E-02  -3.14415303E-08   1.00000000       1.00000000      -2.65729430E-08
   2.66666673E-02   1.54322819E-07  0.999999642       1.00000000       1.30426614E-07
   3.00000012E-02   2.35652891E-07   1.00000000       1.00000012       1.99163054E-07
   3.33333351E-02   6.40128945E-08   1.00000000       1.00000000       5.41007701E-08
   3.66666690E-02  -1.28826045E-07   1.00000000       1.00000012      -1.08877892E-07
   3.99999991E-02  -4.52576856E-08  0.999999821       1.00000036      -3.82497376E-08
   4.33333330E-02   7.90683146E-08  0.999999821       1.00000048       6.68249456E-08
   4.66666669E-02  -8.03481583E-08   1.00000000       1.00000060      -6.79066048E-08
   5.00000007E-02  -7.49155262E-08   1.00000048       1.00000060      -6.33151842E-08
   5.33333346E-02  -1.73971600E-07   1.00000024       1.00000048      -1.47032864E-07
   5.66666685E-02  -2.74166894E-07   1.00000012       1.00000012      -2.31713315E-07
   6.00000024E-02  -6.59287380E-08  0.999999940       1.00000000      -5.57199584E-08
   6.33333325E-02   9.81136683E-09  0.999999940       1.00000036       8.29211988E-09
   6.66666701E-02   4.26464126E-08   1.00000012       1.00000012       3.60427954E-08
   7.00000003E-02   8.50146264E-08  0.999999821       1.00000000       7.18504793E-08
   7.33333379E-02   6.44755138E-09  0.999999821       1.00000000       5.44917578E-09
   7.66666681E-02   3.49448150E-08  0.999999881       1.00000012       2.95337621E-08
   7.99999982E-02  -5.41844010E-08   1.00000000       1.00000012      -4.57941809E-08
   8.33333358E-02   4.99762720E-08   1.00000000       1.00000012       4.22376623E-08
   8.66666660E-02   1.94878012E-07  0.999999881       1.00000012       1.64702001E-07
   9.00000036E-02  -4.00936742E-08   1.00000012       1.00000012      -3.38853390E-08
   9.33333337E-02  -2.56885841E-07   1.00000024       1.00000036      -2.17108180E-07
   9.66666713E-02  -1.80459026E-07  0.999999940       1.00000036      -1.52515739E-07
  0.100000001      -1.67476117E-07  0.999999642       1.00000000      -1.41543183E-07
  0.103333339      -5.91846856E-08  0.999999881      0.999999821      -5.00201871E-08
  0.106666669       1.70613674E-08   1.00000000       1.00000000       1.44194869E-08
  0.109999999      -6.23738146E-08   1.00000000       1.00000012      -5.27154995E-08
  0.113333337      -1.30902876E-07   1.00000012       1.00000012      -1.10633124E-07
  0.116666667      -1.51627873E-07   1.00000012       1.00000012      -1.28148940E-07
  0.120000005      -2.33060415E-08   1.00000012       1.00000012      -1.96972003E-08
  0.123333335       2.17049049E-07   1.00000000       1.00000012       1.83439937E-07
  0.126666665       8.58448956E-08  0.999999940       1.00000000       7.25521829E-08
  0.130000010      -7.68608643E-08  0.999999940       1.00000000      -6.49592948E-08
  0.133333340      -1.97719118E-07   1.00000000       1.00000036      -1.67103181E-07
  0.136666670      -9.44529717E-08   1.00000000       1.00000036      -7.98273447E-08
  0.140000001       1.96421851E-07   1.00000012       1.00000012       1.66006757E-07
  0.143333331       4.04250642E-07   1.00000000       1.00000012       3.41654186E-07
  0.146666676       1.80173615E-07   1.00000012       1.00000012       1.52274495E-07
  0.150000006      -1.26849699E-07  0.999999881       1.00000012      -1.07207569E-07
  0.153333336      -1.62574437E-07  0.999999821       1.00000036      -1.37400519E-07
  0.156666666      -4.49893278E-09  0.999999881       1.00000048      -3.80229315E-09
  0.159999996      -2.71173288E-08  0.999999940       1.00000036      -2.29183303E-08
  0.163333341       5.02973840E-08   1.00000012       1.00000012       4.25090469E-08
  0.166666672      -8.41508765E-08   1.00000000       1.00000000      -7.11204677E-08
  0.170000002      -8.14806072E-08   1.00000012       1.00000012      -6.88636774E-08
  0.173333332      -5.42664544E-08   1.00000024       1.00000012      -4.58635192E-08
  0.176666677       1.90059907E-07   1.00000024       1.00000012       1.60629924E-07
  0.180000007       2.88547398E-07  0.999999940       1.00000000       2.43867078E-07
  0.183333337       1.00555830E-07  0.999999940       1.00000000       8.49851958E-08
  0.186666667      -2.25421548E-08   1.00000024       1.00000012      -1.90515959E-08
  0.189999998      -2.11727453E-08   1.00000012       1.00000012      -1.78942354E-08
  0.193333343      -1.31154991E-07  0.999999821       1.00000000      -1.10846209E-07
  0.196666673      -1.11754012E-07  0.999999940       1.00000000      -9.44493834E-08
  0.200000003       4.06685423E-08  0.999999940       1.00000000       3.43711939E-08
  0.203333333       3.93219040E-08  0.999999940       1.00000000       3.32330785E-08
  0.206666678      -1.00076818E-07   1.00000000       1.00000000      -8.45803498E-08
  0.210000008      -9.90212996E-08   1.00000000       1.00000000      -8.36882705E-08
  0.213333338      -4.82422031E-08  0.999999940       1.00000000      -4.07721075E-08
  0.216666669       1.62199527E-07   1.00000024       1.00000000       1.37083603E-07
  0.219999999       1.43847330E-07   1.00000000       1.00000000       1.21573180E-07
  0.223333344       1.48040078E-08  0.999999940       1.00000000       1.25116708E-08
  0.226666674      -4.93092926E-08  0.999999940       1.00000000      -4.16739603E-08
  0.230000004       1.14000805E-07   1.00000000       1.00000000       9.63482663E-08
  0.233333334       1.86882456E-08   1.00000000       1.00000000       1.57944502E-08
  0.236666679       3.21747997E-08   1.00000000       1.00000000       2.71926677E-08
  0.240000010       1.12777760E-08   1.00000000       1.00000000       9.53146007E-09
  0.243333340      -6.20344176E-09   1.00000000       1.00000000      -5.24286525E-09
  0.246666670       0.00000000       1.00000000       1.00000000       0.00000000    
  0.250000000       0.00000000       1.00000000       1.00000000       0.00000000    
  0.253333330       0.00000000       1.00000000       1.00000000       0.00000000    
  0.256666660       0.00000000       1.00000000       1.00000000       0.00000000    
  0.260000020       0.00000000       1.00000000       1.00000000       0.00000000    
  0.263333350       0.00000000       1.00000000       1.00000000       0.00000000    
  0.266666681       4.95690688E-09   1.00000000       1.00000000       4.18935109E-09
  0.270000011      -4.95690688E-09   1.00000000       1.00000000      -4.18935109E-09
  0.273333341       2.47845335E-08   1.00000000       1.00000000       2.09467537E-08
  0.276666671      -1.98204244E-08   1.00000000       1.00000000      -1.67513150E-08
  0.280000001      -1.98288994E-08   1.00000000       1.00000000      -1.67584790E-08
  0.283333331       2.33227855E-08   1.00000000       1.00000000       1.97113508E-08
  0.286666662      -2.75556147E-08  0.999999940       1.00000000      -2.32887469E-08
  0.290000021      -4.95367054E-08   1.00000000       1.00000000      -4.18661550E-08
  0.293333352      -1.70851138E-07   1.00000000       1.00000000      -1.44395557E-07
  0.296666682      -1.57251563E-07   1.00000000       1.00000012      -1.32901832E-07
  0.300000012       1.12578107E-07  0.999999821       1.00000000       9.51458716E-08
  0.303333342       2.13935706E-07  0.999999821       1.00000000       1.80808684E-07
  0.306666672       2.11161264E-07  0.999999940       1.00000000       1.78463850E-07
  0.310000002       2.30309158E-08  0.999999881       1.00000012       1.94646788E-08
  0.313333333      -6.48629381E-08  0.999999881       1.00000012      -5.48191927E-08
  0.316666663       1.25124373E-07  0.999999881       1.00000012       1.05749407E-07
  0.319999993       7.43976925E-09  0.999999940       1.00000000       6.28775298E-09
  0.323333353      -7.86747094E-08  0.999999821       1.00000000      -6.64922695E-08
  0.326666683       4.74936108E-08  0.999999821       1.00000000       4.01394296E-08
  0.330000013       3.34869611E-07  0.999999583      0.999999940       2.83016533E-07
  0.333333343       2.66105985E-07  0.999999642       1.00000000       2.24900646E-07
  0.336666673      -1.42333988E-07   1.00000012       1.00000048      -1.20294203E-07
  0.340000004      -7.23574090E-07   1.00000083       1.00000107      -6.11531846E-07
  0.343333334      -3.11928119E-07   1.00000024       1.00000083      -2.63627442E-07
  0.346666664       1.83237466E-06  0.999997973      0.999998868       1.54863994E-06
  0.349999994       3.62221977E-06  0.999995768      0.999997139       3.06133666E-06
  0.353333354      -1.55460029E-07   1.00000036       1.00000036      -1.31387708E-07
  0.356666684      -1.24175031E-05   1.00001454       1.00001049      -1.04946839E-05
  0.360000014      -2.17194029E-05   1.00002575       1.00001836      -1.83561788E-05
  0.363333344      -1.81533551E-06   1.00000226       1.00000155      -1.53423787E-06
  0.366666675       5.99869782E-05  0.999929011      0.999949515       5.06987708E-05
  0.370000005       1.05873049E-04  0.999874830      0.999910831       8.94806726E-05
  0.373333335      -2.17247907E-05   1.00002551       1.00001860      -1.83607353E-05
  0.376666665      -5.55135717E-04   1.00065696       1.00046766      -4.69130930E-04
  0.379999995      -1.65318267E-03   1.00195539       1.00139320      -1.39680237E-03
  0.383333355      -2.94317119E-03   1.00349295       1.00250399      -2.48620776E-03
  0.386666685       9.64893680E-03  0.988640070      0.991871834       8.16815719E-03
  0.390000015       3.02069020E-02  0.964800358      0.974724770       2.56604590E-02
  0.393333346       5.26360683E-02  0.939357698      0.956297696       4.48849201E-02
  0.396666676       7.62257278E-02  0.913221061      0.937216580       6.52633831E-02
  0.400000006      0.100762427      0.886698544      0.917692125       8.66353437E-02
  0.403333336      0.126028523      0.860080123      0.897928774      0.108831927    
  0.406666666      0.151878625      0.833557904      0.878062189      0.131742954    
  0.409999996      0.178218544      0.807257652      0.858182430      0.155300409    
  0.413333356      0.204980493      0.781267643      0.838355124      0.179457918    
  0.416666687      0.232122630      0.755644500      0.818622530      0.204190969    
  0.420000017      0.259609252      0.730433702      0.799019992      0.229479864    
  0.423333347      0.287415683      0.705666423      0.779572487      0.255314201    
  0.426666677      0.315512925      0.681374550      0.760307729      0.281679273    
  0.430000007      0.343866259      0.657591462      0.741255462      0.308554143    
  0.433333337      0.372437537      0.634348869      0.722444952      0.335913688    
  0.436666667      0.401194960      0.611669779      0.703899682      0.363737732    
  0.439999998      0.430120468      0.589563072      0.685632527      0.392018586    
  0.443333358      0.459210426      0.568024933      0.667646110      0.420762628    
  0.446666688      0.488470465      0.547044575      0.649937153      0.449985594    
  0.450000018      0.517908335      0.526610255      0.632501364      0.479705811    
  0.453333348      0.547527909      0.506713510      0.615337491      0.509938359    
  0.456666678      0.577324271      0.487351686      0.598449051      0.540689766    
  0.460000008      0.607277989      0.468530834      0.581847370      0.571951151    
  0.463333338      0.637349308      0.450266391      0.565552950      0.603691876    
  0.466666669      0.667466581      0.432589144      0.549601436      0.635845542    
  0.469999999      0.697507799      0.415552229      0.534051657      0.668288291    
  0.473333359      0.727267087      0.399245411      0.518999517      0.700798988    
  0.476666689      0.756408691      0.383811444      0.504592478      0.732999921    
  0.480000019      0.784425378      0.369458109      0.491042703      0.764301419    
  0.483333349      0.810684443      0.356425434      0.478599757      0.793943763    
  0.486666679      0.834685624      0.344860792      0.467436910      0.821293771    
  0.490000010      0.856299520      0.334724039      0.457562298      0.846142232    
  0.493333340      0.875603259      0.325887829      0.448905975      0.868534327    
  0.496666670      0.892614424      0.318267107      0.441426128      0.888450086    
  0.500000000      0.907160044      0.311871469      0.435141176      0.905622363    
  0.503333330      0.918770730      0.306844562      0.430168420      0.919397235    
  0.506666660      0.926603913      0.303492039      0.426782161      0.928666055    
  0.509999990      0.930267870      0.301934242      0.425108999      0.932906210    
  0.513333321      0.930706620      0.301747441      0.424793690      0.933288693    
  0.516666651      0.929188013      0.302390784      0.425406724      0.931445539    
  0.520000041      0.926782668      0.303413063      0.426586479      0.928753138    
  0.523333371      0.924459159      0.304404259      0.427890033      0.926327229    
  0.526666701      0.923291862      0.304904282      0.428688437      0.925260663    
  0.530000031      0.923922479      0.304636240      0.428503186      0.926099718    
  0.533333361      0.925738215      0.303862333      0.427463382      0.927972674    
  0.536666691      0.927775323      0.302996099      0.426093459      0.929849625    
  0.540000021      0.929249644      0.302370578      0.425007790      0.931101620    
  0.543333352      0.929820418      0.302128226      0.424671739      0.931678534    
  0.546666682      0.929818630      0.302127272      0.425348848      0.932420671    
  0.550000012      0.929789424      0.302136064      0.426524997      0.933665991    
  0.553333342      0.929908276      0.302080274      0.427593112      0.935040116    
  0.556666672      0.929768920      0.302130997      0.428263336      0.935553908    
  0.560000002      0.928718269      0.302568257      0.427674532      0.933179080    
  0.563333333      0.926850677      0.303351015      0.426645190      0.928980231    
  0.566666663      0.925146163      0.304066092      0.425641447      0.925090671    
  0.569999993      0.924976349      0.304129988      0.424537331      0.923623383    
  0.573333323      0.926054716      0.303668052      0.424262285      0.925103426    
  0.576666653      0.926794648      0.303359866      0.426018268      0.928227723    
  0.580000043      0.926119030      0.303649008      0.426066518      0.927161872    
  0.583333373      0.924794912      0.304227650      0.404559612      0.901308239    
  0.586666703      0.925042748      0.304139644      0.355329424      0.845039189    
  0.590000033      0.927195132      0.303330064      0.308025211      0.789664388    
  0.593333364      0.929551363      0.302536696      0.272899717      0.746142685    
  0.596666694      0.930309713      0.302323818      0.267569989      0.739683747    
  0.600000024      0.929308951      0.302679092      0.266968638      0.737623990    
  0.603333354      0.927307785      0.303347915      0.267000288      0.735267282    
  0.606666684      0.925304890      0.303998381      0.266904235      0.732762039    
  0.610000014      0.924225152      0.304323673      0.266266555      0.730641305    
  0.613333344      0.924322784      0.304230005      0.265278429      0.729473591    
  0.616666675      0.925351262      0.303799272      0.264418602      0.729617476    
  0.620000005      0.927088678      0.303112805      0.264451593      0.731860340    
  0.623333335      0.929169953      0.302321106      0.264963478      0.735173643    
  0.626666665      0.930498421      0.301809758      0.265511870      0.737610281    
  0.629999995      0.929520130      0.302088708      0.265986800      0.737152874    
  0.633333325      0.927016854      0.302948475      0.266450495      0.734763324    
  0.636666656      0.925078750      0.303532749      0.266760081      0.732946634    
  0.639999986      0.925701916      0.303192139      0.266504019      0.733499885    
  0.643333375      0.927260518      0.302519858      0.265863985      0.734667063    
  0.646666706      0.927982390      0.302442133      0.265351444      0.734624326    
  0.650000036      0.928473830      0.302628338      0.265015095      0.734321356    
  0.653333366      0.929889202      0.302511036      0.264763325      0.735233843    
  0.656666696      0.931423128      0.302979678      0.264745116      0.735851586    
  0.660000026      0.931572556      0.304282874      0.265263826      0.735110998    
  0.663333356      0.896048725      0.293329388      0.258821428      0.711360872    
  0.666666687      0.582459986      0.205654994      0.201384604      0.487130791    
  0.670000017      0.148412809      0.121178284      0.140535146      0.135078877    
  0.673333347     -0.208117440       7.58458152E-02  0.103399724     -0.205370620    
  0.676666677      -5.95871685E-03   9.92316604E-02  0.124327026      -5.63697889E-03
  0.680000007      -4.56715963E-04   9.99372080E-02  0.124945275      -4.31597116E-04
  0.683333337       1.75553301E-04  0.100022577      0.125017211       1.65874982E-04
  0.686666667      -2.23907628E-05   9.99971628E-02  0.124997526      -2.11573733E-05
  0.689999998      -4.29281608E-05   9.99943241E-02  0.124995053      -4.05636492E-05
  0.693333328       2.07121661E-06  0.100000292      0.125000238       1.95711459E-06
  0.696666658       6.74021248E-06  0.100000933      0.125000849       6.36889445E-06
  0.699999988      -6.69399697E-07   9.99999642E-02  0.125000000      -6.32523438E-07
  0.703333378      -1.12042392E-06   9.99998823E-02  0.124999903      -1.05870140E-06
  0.706666708       1.07261585E-07  0.100000031      0.125000015       1.01352661E-07
  0.710000038       1.13051001E-07  0.100000046      0.125000045       1.06823144E-07
  0.713333368      -8.95692196E-08   9.99999940E-02  0.125000000      -8.46349621E-08
  0.716666698      -5.70879486E-08   9.99999940E-02  0.125000000      -5.39430438E-08
  0.720000029      -1.45042335E-07   9.99999940E-02  0.125000000      -1.37052126E-07
  0.723333359      -1.49879327E-07  0.100000009      0.125000000      -1.41622635E-07
  0.726666689       9.96681138E-09  0.100000009      0.125000000       9.41775102E-09
  0.730000019      -1.24112818E-08  0.100000009      0.125000015      -1.17275594E-08
  0.733333349      -1.09906892E-08  0.100000031      0.125000015      -1.03852242E-08
  0.736666679      -3.87012271E-08  0.100000009      0.125000015      -3.65692223E-08
  0.740000010      -3.46375337E-08  0.100000009      0.125000000      -3.27293890E-08
  0.743333340       2.97212441E-08  0.100000009      0.125000000       2.80839334E-08
  0.746666670       3.34963630E-08  0.100000009      0.125000000       3.16510835E-08
  0.750000000      -1.98501002E-08  0.100000009      0.125000000      -1.87565803E-08
  0.753333330      -9.93681937E-09  0.100000009      0.125000000      -9.38941103E-09
  0.756666660       0.00000000      0.100000009      0.125000000       0.00000000    
  0.759999990       0.00000000      0.100000009      0.125000000       0.00000000    
  0.763333380       0.00000000      0.100000009      0.125000000       0.00000000    
  0.766666710       0.00000000      0.100000009      0.125000000       0.00000000    
  0.770000041       0.00000000      0.100000009      0.125000000       0.00000000    
  0.773333371       0.00000000      0.100000009      0.125000000       0.00000000    
  0.776666701       0.00000000      0.100000009      0.125000000       0.00000000    
  0.780000031       0.00000000      0.100000009      0.125000000       0.00000000    
  0.783333361       0.00000000      0.100000009      0.125000000       0.00000000    
  0.786666691       0.00000000      0.100000009      0.125000000       0.00000000    
  0.790000021       0.00000000      0.100000009      0.125000000       0.00000000    
  0.793333352       0.00000000      0.100000009      0.125000000       0.00000000    
  0.796666682       0.00000000      0.100000009      0.125000000       0.00000000    
  0.800000012      -1.24080290E-09  0.100000009      0.125000000      -1.17244847E-09
  0.803333342       4.96125381E-08  0.100000009      0.125000000       4.68794390E-08
  0.806666672       1.38789190E-07  0.100000009      0.125000000       1.31143452E-07
  0.810000002       1.00502398E-08  0.100000009      0.125000000       9.49658308E-09
  0.813333333      -7.95282915E-08  0.100000009      0.125000000      -7.51471632E-08
  0.816666663       1.42810293E-07  0.100000009      0.125000000       1.34943036E-07
  0.819999993       8.30049416E-08   9.99999940E-02  0.125000000       7.84323007E-08
  0.823333383      -2.22926513E-08  0.100000009      0.125000000      -2.10645741E-08
  0.826666713      -7.41981196E-08  0.100000009      0.125000015      -7.01106373E-08
  0.830000043       8.34152090E-08  0.100000009      0.125000000       7.88199586E-08
  0.833333373       1.15133183E-07   9.99999940E-02  0.125000000       1.08790637E-07
  0.836666703       2.35223879E-07  0.100000009      0.125000015       2.22265683E-07
  0.840000033       3.73309419E-08   9.99999940E-02  0.125000015       3.52744287E-08
  0.843333364      -2.31679085E-08  0.100000009      0.125000015      -2.18916156E-08
  0.846666694       1.25496200E-07  0.100000009      0.125000015       1.18582768E-07
  0.850000024       7.61043140E-08  0.100000009      0.125000015       7.19118205E-08
  0.853333354      -1.16572059E-08  0.100000009      0.125000015      -1.10150244E-08
  0.856666684      -1.09829887E-08  0.100000009      0.125000015      -1.03779492E-08
  0.860000014       8.97094381E-08   9.99999940E-02  0.125000000       8.47674571E-08
  0.863333344       9.87679485E-08   9.99999940E-02  0.125000000       9.33269391E-08
  0.866666675       3.97204190E-08   9.99999940E-02  0.125000015       3.75322742E-08
  0.870000005       1.34986607E-07   9.99999940E-02  0.125000015       1.27550379E-07
  0.873333335       7.06938650E-08   9.99999940E-02  0.125000045       6.67994371E-08
  0.876666665      -1.53441022E-07  0.100000009      0.125000015      -1.44988135E-07
  0.879999995      -5.93182961E-08  0.100000009      0.125000000      -5.60505171E-08
  0.883333325       1.83361919E-07  0.100000009      0.125000000       1.73260716E-07
  0.886666715       1.69618360E-07  0.100000031      0.125000015       1.60274269E-07
  0.890000045       2.09610302E-08  0.100000001      0.125000060       1.98063166E-08
  0.893333375      -3.71269842E-08  0.100000009      0.125000045      -3.50817082E-08
  0.896666706      -9.25866814E-08  0.100000031      0.125000015      -8.74861854E-08
  0.900000036       8.93392311E-08  0.100000031      0.125000000       8.44176213E-08
  0.903333366       2.92023628E-07  0.100000009      0.125000015       2.75936401E-07
  0.906666696       1.40283319E-07   9.99999940E-02  0.125000000       1.32555286E-07
  0.910000026       1.54898370E-08   9.99999866E-02  0.124999993       1.46365204E-08
  0.913333356      -1.32703235E-07   9.99999940E-02  0.125000000      -1.25392773E-07
  0.916666687      -2.78658678E-08  0.100000009      0.125000015      -2.63307705E-08
  0.920000017       4.76338862E-08  0.100000009      0.125000015       4.50097914E-08
  0.923333347       2.77183023E-08  0.100000009      0.125000015       2.61913353E-08
  0.926666677      -8.19509509E-08  0.100000009      0.125000045      -7.74363826E-08
  0.930000007       4.21939284E-08  0.100000009      0.125000045       3.98695192E-08
  0.933333337       2.00138416E-07  0.100000031      0.125000015       1.89113010E-07
  0.936666667       1.92367537E-07  0.100000009      0.125000015       1.81770247E-07
  0.939999998       1.49578234E-08  0.100000009      0.125000015       1.41338150E-08
  0.943333328       1.78491888E-08  0.100000009      0.125000015       1.68658989E-08
  0.946666718       4.92915753E-08   9.99999940E-02  0.125000000       4.65761616E-08
  0.950000048       6.74969769E-08  0.100000016      0.124999978       6.37786357E-08
  0.953333378       1.67708563E-07   9.99999940E-02  0.125000000       1.58469703E-07
  0.956666708       2.01538441E-07  0.100000009      0.125000015       1.90435927E-07
  0.960000038       4.69275570E-08  0.100000009      0.125000015       4.43423751E-08
  0.963333368      -1.90947009E-08  0.100000009      0.125000015      -1.80427975E-08
  0.966666698      -9.63536806E-08  0.100000009      0.125000015      -9.10456706E-08
  0.970000029       7.48109628E-08   9.99999940E-02  0.125000000       7.06897154E-08
  0.973333359       1.93049075E-07   9.99999940E-02  0.125000000       1.82414240E-07
  0.976666689       1.04143133E-07   9.99999940E-02  0.125000015       9.84060264E-08
  0.980000019       3.49516647E-08  0.100000009      0.125000015       3.30262182E-08
  0.983333349       8.88217286E-08  0.100000009      0.125000015       8.39286471E-08
  0.986666679       3.07946735E-08   9.99999940E-02  0.125000000       2.90982314E-08
  0.990000010       2.18206040E-08  0.100000009      0.125000015       2.06185327E-08
  0.993333340       2.76477046E-08  0.100000001      0.125000060       2.61246313E-08
  0.996666670      -6.04228063E-08  0.100000009      0.125000045      -5.70941943E-08
   1.00000000       0.00000000      0.100000009      0.125000000       0.00000000    
