   3.33333341E-03   0.00000000       1.00000000       1.00000000       0.00000000    
   6.66666683E-03   1.27513800E-07   1.00000000       1.00000000       1.07768827E-07
   9.99999978E-03   5.41664029E-08   1.00000000       1.00000000       4.57789646E-08
   1.33333337E-02   4.03215772E-08  0.999999940       1.00000000       3.40779565E-08
   1.66666675E-02  -8.91635423E-08   1.00000000       1.00000000      -7.53569438E-08
   1.99999996E-02  -3.06521706E-08  0.999999821       1.00000000      -2.59058144E-08
   2.33333334E-02   1.41346659E-08  0.999999940       1.00000000       1.19459740E-08
   2.66666673E-02   2.08388222E-08   1.00000024       1.00000012       1.76120167E-08
   3.00000012E-02   9.19840204E-08   1.00000000       1.00000000       7.77406868E-08
   3.33333351E-02  -6.89871840E-08   1.00000012       1.00000012      -5.83048099E-08
   3.66666690E-02  -6.62800375E-08   1.00000000       1.00000012      -5.60168587E-08
   3.99999991E-02   3.80368554E-08  0.999999940       1.00000000       3.21470139E-08
   4.33333330E-02   3.57969263E-08   1.00000000       1.00000000       3.02539256E-08
   4.66666669E-02  -5.07551867E-08   1.00000000       1.00000000      -4.28959623E-08
   5.00000007E-02   1.36519160E-08   1.00000000       1.00000000       1.15379750E-08
   5.33333346E-02  -2.49671039E-09   1.00000000       1.00000000      -2.11010542E-09
   5.66666685E-02   0.00000000       1.00000000       1.00000000       0.00000000    
   6.00000024E-02   0.00000000       1.00000000       1.00000000       0.00000000    
   6.33333325E-02   0.00000000       1.00000000       1.00000000       0.00000000    
   6.66666701E-02   0.00000000       1.00000000       1.00000000       0.00000000    
   7.00000003E-02   0.00000000       1.00000000       1.00000000       0.00000000    
   7.33333379E-02   0.00000000       1.00000000       1.00000000       0.00000000    
   7.66666681E-02   0.00000000       1.00000000       1.00000000       0.00000000    
   7.99999982E-02   0.00000000       1.00000000       1.00000000       0.00000000    
   8.33333358E-02   0.00000000       1.00000000       1.00000000       0.00000000    
   8.66666660E-02   0.00000000       1.00000000       1.00000000       0.00000000    
   9.00000036E-02   0.00000000       1.00000000       1.00000000       0.00000000    
   9.33333337E-02   0.00000000       1.00000000       1.00000000       0.00000000    
   9.66666713E-02   0.00000000       1.00000000       1.00000000       0.00000000    
  0.100000001       0.00000000       1.00000000       1.00000000       0.00000000    
  0.103333339       0.00000000       1.00000000       1.00000000       0.00000000    
  0.106666669       0.00000000       1.00000000       1.00000000       0.00000000    
  0.109999999       0.00000000       1.00000000       1.00000000       0.00000000    
  0.113333337       0.00000000       1.00000000       1.00000000       0.00000000    
  0.116666667       0.00000000       1.00000000       1.00000000       0.00000000    
  0.120000005       0.00000000       1.00000000       1.00000000       0.00000000    
  0.123333335       0.00000000       1.00000000       1.00000000       0.00000000    
  0.126666665       0.00000000       1.00000000       1.00000000       0.00000000    
  0.130000010       0.00000000       1.00000000       1.00000000       0.00000000    
  0.133333340       0.00000000       1.00000000       1.00000000       0.00000000    
  0.136666670       0.00000000       1.00000000       1.00000000       0.00000000    
  0.140000001       0.00000000       1.00000000       1.00000000       0.00000000    
  0.143333331       0.00000000       1.00000000       1.00000000       0.00000000    
  0.146666676       0.00000000       1.00000000       1.00000000       0.00000000    
  0.150000006       0.00000000       1.00000000       1.00000000       0.00000000    
  0.153333336       0.00000000       1.00000000       1.00000000       0.00000000    
  0.156666666       0.00000000       1.00000000       1.00000000       0.00000000    
  0.159999996       0.00000000       1.00000000       1.00000000       0.00000000    
  0.163333341       0.00000000       1.00000000       1.00000000       0.00000000    
  0.166666672       0.00000000       1.00000000       1.00000000       0.00000000    
  0.170000002       0.00000000       1.00000000       1.00000000       0.00000000    
  0.173333332       0.00000000       1.00000000       1.00000000       0.00000000    
  0.176666677       0.00000000       1.00000000       1.00000000       0.00000000    
  0.180000007       0.00000000       1.00000000       1.00000000       0.00000000    
  0.183333337       0.00000000       1.00000000       1.00000000       0.00000000    
  0.186666667       0.00000000       1.00000000       1.00000000       0.00000000    
  0.189999998       0.00000000       1.00000000       1.00000000       0.00000000    
  0.193333343       0.00000000       1.00000000       1.00000000       0.00000000    
  0.196666673       0.00000000       1.00000000       1.00000000       0.00000000    
  0.200000003       0.00000000       1.00000000       1.00000000       0.00000000    
  0.203333333       0.00000000       1.00000000       1.00000000       0.00000000    
  0.206666678       0.00000000       1.00000000       1.00000000       0.00000000    
  0.210000008       0.00000000       1.00000000       1.00000000       0.00000000    
  0.213333338       0.00000000       1.00000000       1.00000000       0.00000000    
  0.216666669       0.00000000       1.00000000       1.00000000       0.00000000    
  0.219999999       0.00000000       1.00000000       1.00000000       0.00000000    
  0.223333344       0.00000000       1.00000000       1.00000000       0.00000000    
  0.226666674       0.00000000       1.00000000       1.00000000       0.00000000    
  0.230000004       0.00000000       1.00000000       1.00000000       0.00000000    
  0.233333334       0.00000000       1.00000000       1.00000000       0.00000000    
  0.236666679       0.00000000       1.00000000       1.00000000       0.00000000    
  0.240000010       0.00000000       1.00000000       1.00000000       0.00000000    
  0.243333340       0.00000000       1.00000000       1.00000000       0.00000000    
  0.246666670       0.00000000       1.00000000       1.00000000       0.00000000    
  0.250000000       0.00000000       1.00000000       1.00000000       0.00000000    
  0.253333330       0.00000000       1.00000000       1.00000000       0.00000000    
  0.256666660       0.00000000       1.00000000       1.00000000       0.00000000    
  0.260000020       0.00000000       1.00000000       1.00000000       0.00000000    
  0.263333350       0.00000000       1.00000000       1.00000000       0.00000000    
  0.266666681       0.00000000       1.00000000       1.00000000       0.00000000    
  0.270000011       0.00000000       1.00000000       1.00000000       0.00000000    
  0.273333341       0.00000000       1.00000000       1.00000000       0.00000000    
  0.276666671       0.00000000       1.00000000       1.00000000       0.00000000    
  0.280000001       0.00000000       1.00000000       1.00000000       0.00000000    
  0.283333331       0.00000000       1.00000000       1.00000000       0.00000000    
  0.286666662       0.00000000       1.00000000       1.00000000       0.00000000    
  0.290000021       0.00000000       1.00000000       1.00000000       0.00000000    
  0.293333352       0.00000000       1.00000000       1.00000000       0.00000000    
  0.296666682       0.00000000       1.00000000       1.00000000       0.00000000    
  0.300000012       0.00000000       1.00000000       1.00000000       0.00000000    
  0.303333342       0.00000000       1.00000000       1.00000000       0.00000000    
  0.306666672       0.00000000       1.00000000       1.00000000       0.00000000    
  0.310000002       0.00000000       1.00000000       1.00000000       0.00000000    
  0.313333333       0.00000000       1.00000000       1.00000000       0.00000000    
  0.316666663       0.00000000       1.00000000       1.00000000       0.00000000    
  0.319999993       0.00000000       1.00000000       1.00000000       0.00000000    
  0.323333353       0.00000000       1.00000000       1.00000000       0.00000000    
  0.326666683       0.00000000       1.00000000       1.00000000       0.00000000    
  0.330000013       0.00000000       1.00000000       1.00000000       0.00000000    
  0.333333343       0.00000000       1.00000000       1.00000000       0.00000000    
  0.336666673       0.00000000       1.00000000       1.00000000       0.00000000    
  0.340000004       0.00000000       1.00000000       1.00000000       0.00000000    
  0.343333334       0.00000000       1.00000000       1.00000000       0.00000000    
  0.346666664       0.00000000       1.00000000       1.00000000       0.00000000    
  0.349999994       0.00000000       1.00000000       1.00000000       0.00000000    
  0.353333354       0.00000000       1.00000000       1.00000000       0.00000000    
  0.356666684       0.00000000       1.00000000       1.00000000       0.00000000    
  0.360000014       0.00000000       1.00000000       1.00000000       0.00000000    
  0.363333344       0.00000000       1.00000000       1.00000000       0.00000000    
  0.366666675       0.00000000       1.00000000       1.00000000       0.00000000    
  0.370000005       0.00000000       1.00000000       1.00000000       0.00000000    
  0.373333335       0.00000000       1.00000000       1.00000000       0.00000000    
  0.376666665       0.00000000       1.00000000       1.00000000       0.00000000    
  0.379999995       0.00000000       1.00000000       1.00000000       0.00000000    
  0.383333355       0.00000000       1.00000000       1.00000000       0.00000000    
  0.386666685       0.00000000       1.00000000       1.00000000       0.00000000    
  0.390000015       0.00000000       1.00000000       1.00000000       0.00000000    
  0.393333346       0.00000000       1.00000000       1.00000000       0.00000000    
  0.396666676       0.00000000       1.00000000       1.00000000       0.00000000    
  0.400000006       0.00000000       1.00000000       1.00000000       0.00000000    
  0.403333336       0.00000000       1.00000000       1.00000000       0.00000000    
  0.406666666       0.00000000       1.00000000       1.00000000       0.00000000    
  0.409999996       0.00000000       1.00000000       1.00000000       0.00000000    
  0.413333356       0.00000000       1.00000000       1.00000000       0.00000000    
  0.416666687       0.00000000       1.00000000       1.00000000       0.00000000    
  0.420000017       0.00000000       1.00000000       1.00000000       0.00000000    
  0.423333347       0.00000000       1.00000000       1.00000000       0.00000000    
  0.426666677       0.00000000       1.00000000       1.00000000       0.00000000    
  0.430000007       0.00000000       1.00000000       1.00000000       0.00000000    
  0.433333337       0.00000000       1.00000000       1.00000000       0.00000000    
  0.436666667       1.98505550E-08   1.00000000       1.00000000       1.67767809E-08
  0.439999998       5.21663530E-08  0.999999940       1.00000000       4.40886190E-08
  0.443333358       8.04679612E-09   1.00000024       1.00000012       6.80078305E-09
  0.446666688      -5.92218271E-07   1.00000083       1.00000060      -5.00515739E-07
  0.450000018      -6.56811267E-07   1.00000072       1.00000083      -5.55106908E-07
  0.453333348       2.26659836E-06  0.999997556      0.999998271       1.91562594E-06
  0.456666678       4.48021819E-06  0.999994934      0.999996424       3.78647815E-06
  0.460000008      -4.61877153E-06   1.00000536       1.00000381      -3.90357172E-06
  0.463333338      -2.00116101E-05   1.00002360       1.00001705      -1.69128434E-05
  0.466666669       1.04530436E-05  0.999988556      0.999989927       8.83444045E-06
  0.469999999       1.05686151E-04  0.999872029      0.999903023       8.93224860E-05
  0.473333359       5.91437201E-05  0.999920070      0.999961317       4.99866001E-05
  0.476666689       2.05060991E-04  0.999832809      0.999861002       1.73310604E-04
  0.480000019       4.69529368E-02  0.945623755      0.960528851       3.99939902E-02
  0.483333349      0.129163131      0.856824577      0.895179033      0.111579269    
  0.486666679      0.230370879      0.757126689      0.820041656      0.202626973    
  0.490000010      0.352933377      0.650334060      0.740561008      0.318303108    
  0.493333340      0.509760857      0.533729732      0.642254889      0.472601920    
  0.496666670      0.690802097      0.422270983      0.538159668      0.659097373    
  0.500000000      0.820517182      0.354534566      0.471255898      0.799507916    
  0.503333330      0.869959891      0.328972578      0.447020918      0.857075870    
  0.506666660      0.903330564      0.313354850      0.434020847      0.898503542    
  0.509999990      0.922197163      0.305682689      0.423338532      0.917208850    
  0.513333321      0.930356920      0.302862108      0.382632285      0.883799791    
  0.516666651      0.932822883      0.302178174      0.331594586      0.825861752    
  0.520000041      0.933280945      0.302267015      0.286880046      0.768427968    
  0.523333371      0.934633553      0.302836120      0.262987047      0.736106634    
  0.526666701      0.930052102      0.302636564      0.262092233      0.731492102    
  0.530000031      0.659379601      0.227066264      0.215866491      0.543360174    
  0.533333361      0.209709495      0.130750164      0.147638410      0.188335687    
  0.536666691     -0.103136629       8.74719545E-02  0.114069425      -9.95403379E-02
  0.540000021      -7.11975712E-03   9.90503803E-02  0.124139421      -6.73640100E-03
  0.543333352      -6.71897214E-05   9.99937728E-02  0.124993391      -6.34886164E-05
  0.546666682       1.81123833E-04  0.100023493      0.125022218       1.71141044E-04
  0.550000012      -3.51135241E-05   9.99953896E-02  0.124995977      -3.31793926E-05
  0.553333342      -3.83035112E-05   9.99949351E-02  0.124995351      -3.61936618E-05
  0.556666672       2.40820077E-06  0.100000292      0.125000283       2.27553505E-06
  0.560000002       5.74055321E-06  0.100000747      0.125000700       5.42430826E-06
  0.563333333      -2.63247671E-07   9.99999642E-02  0.124999993      -2.48745692E-07
  0.566666663      -9.60328521E-07   9.99998674E-02  0.124999918      -9.07425488E-07
  0.569999993      -5.73684709E-08  0.100000009      0.125000000      -5.42081047E-08
  0.573333323       9.13936518E-08  0.100000031      0.125000015       8.63588738E-08
  0.576666653      -2.38566198E-08   9.99999940E-02  0.125000000      -2.25423875E-08
  0.580000043      -9.23443437E-08   9.99999940E-02  0.125000015      -8.72572130E-08
  0.583333373      -3.46591378E-08  0.100000009      0.125000000      -3.27498029E-08
  0.586666703       1.36340370E-08  0.100000009      0.125000000       1.28829534E-08
  0.590000033       0.00000000      0.100000009      0.125000000       0.00000000    
  0.593333364       0.00000000      0.100000009      0.125000000       0.00000000    
  0.596666694       0.00000000      0.100000009      0.125000000       0.00000000    
  0.600000024       0.00000000      0.100000009      0.125000000       0.00000000    
  0.603333354       0.00000000      0.100000009      0.125000000       0.00000000    
  0.606666684       0.00000000      0.100000009      0.125000000       0.00000000    
  0.610000014       0.00000000      0.100000009      0.125000000       0.00000000    
  0.613333344       0.00000000      0.100000009      0.125000000       0.00000000    
  0.616666675       0.00000000      0.100000009      0.125000000       0.00000000    
  0.620000005       0.00000000      0.100000009      0.125000000       0.00000000    
  0.623333335       0.00000000      0.100000009      0.125000000       0.00000000    
  0.626666665       0.00000000      0.100000009      0.125000000       0.00000000    
  0.629999995       0.00000000      0.100000009      0.125000000       0.00000000    
  0.633333325       0.00000000      0.100000009      0.125000000       0.00000000    
  0.636666656       0.00000000      0.100000009      0.125000000       0.00000000    
  0.639999986       0.00000000      0.100000009      0.125000000       0.00000000    
  0.643333375       0.00000000      0.100000009      0.125000000       0.00000000    
  0.646666706       0.00000000      0.100000009      0.125000000       0.00000000    
  0.650000036       0.00000000      0.100000009      0.125000000       0.00000000    
  0.653333366       0.00000000      0.100000009      0.125000000       0.00000000    
  0.656666696       0.00000000      0.100000009      0.125000000       0.00000000    
  0.660000026       0.00000000      0.100000009      0.125000000       0.00000000    
  0.663333356       0.00000000      0.100000009      0.125000000       0.00000000    
  0.666666687       0.00000000      0.100000009      0.125000000       0.00000000    
  0.670000017       0.00000000      0.100000009      0.125000000       0.00000000    
  0.673333347       0.00000000      0.100000009      0.125000000       0.00000000    
  0.676666677       0.00000000      0.100000009      0.125000000       0.00000000    
  0.680000007       0.00000000      0.100000009      0.125000000       0.00000000    
  0.683333337       0.00000000      0.100000009      0.125000000       0.00000000    
  0.686666667       0.00000000      0.100000009      0.125000000       0.00000000    
  0.689999998       0.00000000      0.100000009      0.125000000       0.00000000    
  0.693333328       0.00000000      0.100000009      0.125000000       0.00000000    
  0.696666658       0.00000000      0.100000009      0.125000000       0.00000000    
  0.699999988       0.00000000      0.100000009      0.125000000       0.00000000    
  0.703333378       0.00000000      0.100000009      0.125000000       0.00000000    
  0.706666708       0.00000000      0.100000009      0.125000000       0.00000000    
  0.710000038       0.00000000      0.100000009      0.125000000       0.00000000    
  0.713333368       0.00000000      0.100000009      0.125000000       0.00000000    
  0.716666698       0.00000000      0.100000009      0.125000000       0.00000000    
  0.720000029       0.00000000      0.100000009      0.125000000       0.00000000    
  0.723333359       0.00000000      0.100000009      0.125000000       0.00000000    
  0.726666689       0.00000000      0.100000009      0.125000000       0.00000000    
  0.730000019       0.00000000      0.100000009      0.125000000       0.00000000    
  0.733333349       0.00000000      0.100000009      0.125000000       0.00000000    
  0.736666679       0.00000000      0.100000009      0.125000000       0.00000000    
  0.740000010       0.00000000      0.100000009      0.125000000       0.00000000    
  0.743333340       0.00000000      0.100000009      0.125000000       0.00000000    
  0.746666670       0.00000000      0.100000009      0.125000000       0.00000000    
  0.750000000       0.00000000      0.100000009      0.125000000       0.00000000    
  0.753333330       0.00000000      0.100000009      0.125000000       0.00000000    
  0.756666660       0.00000000      0.100000009      0.125000000       0.00000000    
  0.759999990       0.00000000      0.100000009      0.125000000       0.00000000    
  0.763333380       0.00000000      0.100000009      0.125000000       0.00000000    
  0.766666710       0.00000000      0.100000009      0.125000000       0.00000000    
  0.770000041       0.00000000      0.100000009      0.125000000       0.00000000    
  0.773333371       0.00000000      0.100000009      0.125000000       0.00000000    
  0.776666701       0.00000000      0.100000009      0.125000000       0.00000000    
  0.780000031       0.00000000      0.100000009      0.125000000       0.00000000    
  0.783333361       0.00000000      0.100000009      0.125000000       0.00000000    
  0.786666691       0.00000000      0.100000009      0.125000000       0.00000000    
  0.790000021       0.00000000      0.100000009      0.125000000       0.00000000    
  0.793333352       0.00000000      0.100000009      0.125000000       0.00000000    
  0.796666682       0.00000000      0.100000009      0.125000000       0.00000000    
  0.800000012       0.00000000      0.100000009      0.125000000       0.00000000    
  0.803333342       0.00000000      0.100000009      0.125000000       0.00000000    
  0.806666672       0.00000000      0.100000009      0.125000000       0.00000000    
  0.810000002       0.00000000      0.100000009      0.125000000       0.00000000    
  0.813333333       0.00000000      0.100000009      0.125000000       0.00000000    
  0.816666663       0.00000000      0.100000009      0.125000000       0.00000000    
  0.819999993       0.00000000      0.100000009      0.125000000       0.00000000    
  0.823333383       0.00000000      0.100000009      0.125000000       0.00000000    
  0.826666713       0.00000000      0.100000009      0.125000000       0.00000000    
  0.830000043       0.00000000      0.100000009      0.125000000       0.00000000    
  0.833333373       0.00000000      0.100000009      0.125000000       0.00000000    
  0.836666703       0.00000000      0.100000009      0.125000000       0.00000000    
  0.840000033       0.00000000      0.100000009      0.125000000       0.00000000    
  0.843333364       0.00000000      0.100000009      0.125000000       0.00000000    
  0.846666694       0.00000000      0.100000009      0.125000000       0.00000000    
  0.850000024       0.00000000      0.100000009      0.125000000       0.00000000    
  0.853333354       0.00000000      0.100000009      0.125000000       0.00000000    
  0.856666684       0.00000000      0.100000009      0.125000000       0.00000000    
  0.860000014       0.00000000      0.100000009      0.125000000       0.00000000    
  0.863333344       0.00000000      0.100000009      0.125000000       0.00000000    
  0.866666675       0.00000000      0.100000009      0.125000000       0.00000000    
  0.870000005       0.00000000      0.100000009      0.125000000       0.00000000    
  0.873333335       0.00000000      0.100000009      0.125000000       0.00000000    
  0.876666665       0.00000000      0.100000009      0.125000000       0.00000000    
  0.879999995       0.00000000      0.100000009      0.125000000       0.00000000    
  0.883333325       0.00000000      0.100000009      0.125000000       0.00000000    
  0.886666715       0.00000000      0.100000009      0.125000000       0.00000000    
  0.890000045       0.00000000      0.100000009      0.125000000       0.00000000    
  0.893333375       0.00000000      0.100000009      0.125000000       0.00000000    
  0.896666706       0.00000000      0.100000009      0.125000000       0.00000000    
  0.900000036       0.00000000      0.100000009      0.125000000       0.00000000    
  0.903333366       0.00000000      0.100000009      0.125000000       0.00000000    
  0.906666696       0.00000000      0.100000009      0.125000000       0.00000000    
  0.910000026       0.00000000      0.100000009      0.125000000       0.00000000    
  0.913333356       0.00000000      0.100000009      0.125000000       0.00000000    
  0.916666687       0.00000000      0.100000009      0.125000000       0.00000000    
  0.920000017       0.00000000      0.100000009      0.125000000       0.00000000    
  0.923333347       0.00000000      0.100000009      0.125000000       0.00000000    
  0.926666677       0.00000000      0.100000009      0.125000000       0.00000000    
  0.930000007       0.00000000      0.100000009      0.125000000       0.00000000    
  0.933333337       0.00000000      0.100000009      0.125000000       0.00000000    
  0.936666667       0.00000000      0.100000009      0.125000000       0.00000000    
  0.939999998       1.48736063E-08  0.100000009      0.125000000       1.40542360E-08
  0.943333328      -1.11462422E-08  0.100000009      0.125000000      -1.05322080E-08
  0.946666718      -1.85674871E-08  0.100000009      0.125000000      -1.75446253E-08
  0.950000048       6.16963334E-08  0.100000009      0.125000000       5.82975517E-08
  0.953333378       1.05680726E-07   9.99999940E-02  0.125000000       9.98589016E-08
  0.956666708       2.18731433E-08  0.100000009      0.125000000       2.06681765E-08
  0.960000038       2.27099513E-08  0.100000009      0.125000015       2.14588880E-08
  0.963333368       1.34408156E-08  0.100000009      0.125000000       1.27003759E-08
  0.966666698      -1.91514324E-08   9.99999940E-02  0.125000000      -1.80964026E-08
  0.970000029      -1.16524802E-07  0.100000009      0.125000000      -1.10105582E-07
  0.973333359      -4.87972152E-08  0.100000009      0.125000000      -4.61090295E-08
  0.976666689       5.71633194E-08  0.100000009      0.125000000       5.40142544E-08
  0.980000019       3.98739353E-08   9.99999940E-02  0.125000000       3.76773279E-08
  0.983333349      -3.57978480E-10   9.99999940E-02  0.125000015      -3.38257922E-10
  0.986666679       5.92206852E-08  0.100000009      0.125000000       5.59582816E-08
  0.990000010       2.40528720E-07  0.100000009      0.125000015       2.27278278E-07
  0.993333340       1.59215716E-07  0.100000009      0.125000015       1.50444720E-07
  0.996666670      -9.35887989E-09   9.99999940E-02  0.125000000      -8.84331008E-09
   1.00000000       0.00000000      0.100000009      0.125000000       0.00000000    
