   3.33333341E-03   0.00000000       1.00000000       1.00000000       0.00000000    
   6.66666683E-03   6.45703535E-09  0.999999940       1.00000000       5.45719114E-09
   9.99999978E-03  -3.79012661E-08  0.999999881       1.00000012      -3.20324176E-08
   1.33333337E-02  -5.15297416E-10  0.999999821       1.00000000      -4.35505854E-10
   1.66666675E-02  -1.31483064E-08   1.00000024       1.00000012      -1.11123457E-08
   1.99999996E-02  -1.31272017E-07   1.00000036       1.00000012      -1.10945088E-07
   2.33333334E-02  -6.86754191E-08   1.00000012       1.00000012      -5.80413229E-08
   2.66666673E-02   1.27017969E-07  0.999999821       1.00000000       1.07349784E-07
   3.00000012E-02   2.48064197E-07   1.00000000       1.00000012       2.09652526E-07
   3.33333351E-02   4.29136904E-08  0.999999940      0.999999940       3.62686876E-08
   3.66666690E-02  -1.53648642E-07   1.00000000       1.00000012      -1.29856815E-07
   3.99999991E-02  -2.16762288E-08  0.999999821       1.00000036      -1.83197617E-08
   4.33333330E-02   1.06373164E-07  0.999999821       1.00000048       8.99017678E-08
   4.66666669E-02   1.02542490E-08   1.00000000       1.00000048       8.66642491E-09
   5.00000007E-02  -3.64405253E-08   1.00000048       1.00000060      -3.07978674E-08
   5.33333346E-02  -2.58368431E-07   1.00000024       1.00000036      -2.18361194E-07
   5.66666685E-02  -2.94024971E-07   1.00000012       1.00000012      -2.48496463E-07
   6.00000024E-02  -8.08222964E-08   1.00000000       1.00000000      -6.83073083E-08
   6.33333325E-02   5.69742795E-08   1.00000000       1.00000036       4.81520637E-08
   6.66666701E-02  -1.69278138E-08   1.00000000       1.00000012      -1.43066154E-08
   7.00000003E-02   4.03339584E-08  0.999999821       1.00000000       3.40884192E-08
   7.33333379E-02   3.25112772E-08  0.999999821       1.00000000       2.74770464E-08
   7.66666681E-02   3.99093345E-08  0.999999881       1.00000012       3.37295454E-08
   7.99999982E-02  -5.17021377E-08   1.00000000       1.00000012      -4.36962857E-08
   8.33333358E-02   3.63238506E-08   1.00000000       1.00000012       3.06992582E-08
   8.66666660E-02   1.98601398E-07  0.999999881       1.00000012       1.67848825E-07
   9.00000036E-02  -4.10091383E-09  0.999999940       1.00000000      -3.46590512E-09
   9.33333337E-02  -2.19651938E-07   1.00000024       1.00000036      -1.85639792E-07
   9.66666713E-02  -2.77267134E-07  0.999999940       1.00000036      -2.34333541E-07
  0.100000001      -1.55064825E-07  0.999999821       1.00000000      -1.31053710E-07
  0.103333339      -2.69152984E-08  0.999999881      0.999999940      -2.27475780E-08
  0.106666669      -2.79670886E-09   1.00000000       1.00000000      -2.36365039E-09
  0.109999999       1.20939658E-08   1.00000000       1.00000012       1.02212674E-08
  0.113333337      -1.43314168E-07   1.00000012       1.00000012      -1.21122582E-07
  0.116666667      -1.69003698E-07   1.00000012       1.00000012      -1.42834196E-07
  0.120000005      -2.20649135E-08   1.00000012       1.00000012      -1.86482545E-08
  0.123333335       1.95949852E-07   1.00000000       1.00000012       1.65607858E-07
  0.126666665       5.35755191E-08  0.999999940       1.00000000       4.52795810E-08
  0.130000010      -2.22511503E-08  0.999999940       1.00000000      -1.88056557E-08
  0.133333340      -1.80343307E-07   1.00000000       1.00000036      -1.52417940E-07
  0.136666670      -9.44529717E-08   1.00000000       1.00000036      -7.98273447E-08
  0.140000001       2.02627461E-07   1.00000024       1.00000036       1.71251472E-07
  0.143333331       3.67016753E-07   1.00000000       1.00000012       3.10185783E-07
  0.146666676       1.49145393E-07   1.00000000       1.00000012       1.26050878E-07
  0.150000006      -1.57877935E-07  0.999999881       1.00000012      -1.33431215E-07
  0.153333336      -1.24099415E-07  0.999999821       1.00000036      -1.04883178E-07
  0.156666666       9.15348863E-09  0.999999881       1.00000048       7.73611220E-09
  0.159999996       3.36980079E-08  0.999999940       1.00000036       2.84800201E-08
  0.163333341       9.34010824E-09   1.00000012       1.00000012       7.89383225E-09
  0.166666672      -9.28387820E-08   1.00000000       1.00000000      -7.84630885E-08
  0.170000002      -7.15515682E-08   1.00000012       1.00000012      -6.04721109E-08
  0.173333332      -1.45503032E-08   1.00000024       1.00000012      -1.22972494E-08
  0.176666677       1.50343766E-07   1.00000024       1.00000012       1.27063657E-07
  0.180000007       2.43866708E-07  0.999999940       1.00000000       2.06105000E-07
  0.183333337       1.32825207E-07  0.999999940       1.00000000       1.12257801E-07
  0.186666667      -7.64859731E-09   1.00000024       1.00000012      -6.46424381E-09
  0.189999998      -9.19171299E-08   1.00000012       1.00000012      -7.76841489E-08
  0.193333343      -1.37360644E-07  0.999999821       1.00000000      -1.16090945E-07
  0.196666673      -9.56193276E-08  0.999999940       1.00000000      -8.08130878E-08
  0.200000003       6.92145292E-08  0.999999940       1.00000000       5.84969584E-08
  0.203333333       4.05630338E-08  0.999999940       1.00000000       3.42820243E-08
  0.206666678      -5.91195288E-08   1.00000000       1.00000000      -4.99651200E-08
  0.210000008      -1.17638251E-07   1.00000000       1.00000000      -9.94224649E-08
  0.213333338      -2.96252551E-08   1.00000000       1.00000000      -2.50379095E-08
  0.216666669       1.73369699E-07   1.00000024       1.00000000       1.46524116E-07
  0.219999999       1.04131175E-07   1.00000000       1.00000000       8.80069067E-08
  0.223333344       2.59741757E-08  0.999999940       1.00000000       2.19521876E-08
  0.226666674      -1.45576600E-08  0.999999940       1.00000000      -1.23034694E-08
  0.230000004       6.93201301E-08   1.00000000       1.00000000       5.85862026E-08
  0.233333334       3.23406724E-08   1.00000000       1.00000000       2.73328560E-08
  0.236666679       3.34159296E-08   1.00000000       1.00000000       2.82416153E-08
  0.240000010       1.12777760E-08   1.00000000       1.00000000       9.53146007E-09
  0.243333340      -6.20344176E-09   1.00000000       1.00000000      -5.24286525E-09
  0.246666670       0.00000000       1.00000000       1.00000000       0.00000000    
  0.250000000       0.00000000       1.00000000       1.00000000       0.00000000    
  0.253333330       0.00000000       1.00000000       1.00000000       0.00000000    
  0.256666660       0.00000000       1.00000000       1.00000000       0.00000000    
  0.260000020       0.00000000       1.00000000       1.00000000       0.00000000    
  0.263333350       0.00000000       1.00000000       1.00000000       0.00000000    
  0.266666681       4.95690688E-09   1.00000000       1.00000000       4.18935109E-09
  0.270000011      -4.95690688E-09   1.00000000       1.00000000      -4.18935109E-09
  0.273333341       2.47845335E-08   1.00000000       1.00000000       2.09467537E-08
  0.276666671      -1.98204244E-08   1.00000000       1.00000000      -1.67513150E-08
  0.280000001      -1.98288994E-08   1.00000000       1.00000000      -1.67584790E-08
  0.283333331      -6.46432818E-09   1.00000000       1.00000000      -5.46335421E-09
  0.286666662       2.23150121E-09  0.999999940       1.00000000       1.88596294E-09
  0.290000021      -5.20189651E-08   1.00000000       1.00000000      -4.39640502E-08
  0.293333352      -1.70851138E-07   1.00000000       1.00000000      -1.44395557E-07
  0.296666682      -2.00691105E-07   1.00000012       1.00000012      -1.69614935E-07
  0.300000012       9.64434221E-08  0.999999821       1.00000000       8.15095760E-08
  0.303333342       2.42481690E-07  0.999999821       1.00000000       2.04934452E-07
  0.306666672       2.12402412E-07  0.999999821       1.00000000       1.79512824E-07
  0.310000002       1.55841384E-08  0.999999881       1.00000012       1.31710021E-08
  0.313333333      -5.12105096E-08  0.999999881       1.00000012      -4.32807852E-08
  0.316666663       1.01542909E-07  0.999999881       1.00000012       8.58194298E-08
  0.319999993      -7.00950409E-12  0.999999821       1.00000000      -5.92411276E-12
  0.323333353      -6.50222844E-08  0.999999940       1.00000000      -5.49538655E-08
  0.326666683      -3.06975636E-08  0.999999821       1.00000000      -2.59441784E-08
  0.330000013       3.38592997E-07  0.999999583      0.999999940       2.86163356E-07
  0.333333343       3.15751180E-07  0.999999642       1.00000000       2.66858507E-07
  0.336666673      -1.20154393E-08  0.999999940       1.00000036      -1.01549018E-08
  0.340000004      -5.65950870E-07   1.00000060       1.00000095      -4.78315883E-07
  0.343333334      -5.72565000E-07   1.00000072       1.00000107      -4.83905808E-07
  0.346666664       9.88404963E-07  0.999998808      0.999999523       8.35354967E-07
  0.349999994       3.36282210E-06  0.999996066      0.999997377       2.84210546E-06
  0.353333354       1.97183908E-06  0.999997973      0.999998569       1.66650864E-06
  0.356666684      -8.00163889E-06   1.00000942       1.00000679      -6.76261016E-06
  0.360000014      -2.03442814E-05   1.00002408       1.00001717      -1.71939973E-05
  0.363333344      -1.25757997E-05   1.00001490       1.00001061      -1.06284679E-05
  0.366666675       3.74958581E-05  0.999955714      0.999968588       3.16899896E-05
  0.370000005       1.01731930E-04  0.999879777      0.999914229       8.59806532E-05
  0.373333335       4.77626272E-05  0.999943078      0.999959648       4.03671220E-05
  0.376666665      -3.41660023E-04   1.00040424       1.00028813      -2.88738665E-04
  0.379999995      -1.24882173E-03   1.00147712       1.00105083      -1.05522235E-03
  0.383333355      -3.19985976E-03   1.00379550       1.00271654      -2.70292140E-03
  0.386666685       4.49361606E-03  0.994697094      0.996211827       3.80068924E-03
  0.390000015       2.39125751E-02  0.972045600      0.979946613       2.02917848E-02
  0.393333346       4.61986959E-02  0.946600556      0.961558163       3.93523015E-02
  0.396666676       6.96416423E-02  0.920452714      0.942511618       5.95590249E-02
  0.400000006       9.41221714E-02  0.893810272      0.922943413       8.08337629E-02
  0.403333336      0.119401567      0.866994441      0.903079093      0.102991350    
  0.406666666      0.145312339      0.840227425      0.883074701      0.125903785    
  0.409999996      0.171746552      0.813652933      0.863033295      0.149492085    
  0.413333356      0.198626116      0.787372887      0.843029499      0.173701465    
  0.416666687      0.225905374      0.761449397      0.823109567      0.198504716    
  0.420000017      0.253544062      0.735933959      0.803313017      0.223878488    
  0.423333347      0.281516373      0.710859895      0.783666193      0.249811947    
  0.426666677      0.309793890      0.686259925      0.764197528      0.276291370    
  0.430000007      0.338341713      0.662168801      0.744937241      0.303296238    
  0.433333337      0.367120683      0.638619959      0.725915968      0.330800951    
  0.436666667      0.396095723      0.615639865      0.707159996      0.358782798    
  0.439999998      0.425245464      0.593240261      0.688684464      0.387231350    
  0.443333358      0.454563707      0.571419418      0.670493603      0.416150659    
  0.446666688      0.484055340      0.550167143      0.652584851      0.445555836    
  0.450000018      0.513728380      0.529471099      0.634953797      0.475466013    
  0.453333348      0.543588102      0.509322166      0.617598534      0.505897760    
  0.456666678      0.573630810      0.489716738      0.600521982      0.536859274    
  0.460000008      0.603838742      0.470659852      0.583734453      0.568343699    
  0.463333338      0.634173214      0.452166468      0.567256272      0.600322187    
  0.466666669      0.664564431      0.434266329      0.551122427      0.632730901    
  0.469999999      0.694892526      0.417012155      0.535391331      0.665449262    
  0.473333359      0.724953949      0.400492907      0.520158112      0.698259234    
  0.476666689      0.754414141      0.384851128      0.505569279      0.730785191    
  0.480000019      0.782762468      0.370296896      0.491838366      0.762433827    
  0.483333349      0.809348822      0.357078671      0.479223102      0.792425871    
  0.486666679      0.833642483      0.345357031      0.467912555      0.820094764    
  0.490000010      0.855497599      0.335095942      0.457923532      0.845214009    
  0.493333340      0.874996126      0.326162934      0.449182600      0.867833197    
  0.496666670      0.892165482      0.318466306      0.441637844      0.887938321    
  0.500000000      0.906841278      0.312010109      0.435294420      0.905262351    
  0.503333330      0.918563724      0.306933016      0.430259615      0.919155002    
  0.506666660      0.926498413      0.303536415      0.426808596      0.928521216    
  0.509999990      0.930241704      0.301944911      0.425088644      0.932841122    
  0.513333321      0.930727720      0.301738173      0.424763948      0.933291554    
  0.516666651      0.929231048      0.302372426      0.425404787      0.931514859    
  0.520000041      0.926828742      0.303393692      0.426628023      0.928874195    
  0.523333371      0.924491227      0.304391026      0.427953154      0.926447809    
  0.526666701      0.923292100      0.304904908      0.428734660      0.925309837    
  0.530000031      0.923895061      0.304648668      0.428488165      0.926037133    
  0.533333361      0.925702989      0.303878039      0.427376598      0.927819192    
  0.536666691      0.927746952      0.303008497      0.425986290      0.929685235    
  0.540000021      0.929236948      0.302375942      0.424947828      0.931014955    
  0.543333352      0.929818392      0.302128464      0.424745649      0.931757271    
  0.546666682      0.929815054      0.302127361      0.425600380      0.932692587    
  0.550000012      0.929778636      0.302138239      0.426803321      0.933956385    
  0.553333342      0.929898262      0.302080929      0.427794248      0.935248971    
  0.556666672      0.929777324      0.302122682      0.428223610      0.935531795    
  0.560000002      0.928750575      0.302549094      0.427233338      0.932759523    
  0.563333333      0.926883519      0.303331286      0.426207572      0.928566813    
  0.566666663      0.925144196      0.304062784      0.425287813      0.924709320    
  0.569999993      0.924943745      0.304141343      0.424392462      0.923415959    
  0.573333323      0.926037192      0.303676486      0.424597263      0.925438166    
  0.576666653      0.926829040      0.303348601      0.426785439      0.929114878    
  0.580000043      0.926163852      0.303635061      0.424997449      0.926064074    
  0.583333373      0.924786627      0.304233104      0.392883688      0.888190806    
  0.586666703      0.924952149      0.304173827      0.344385028      0.831795335    
  0.590000033      0.927073419      0.303384095      0.298932672      0.777750731    
  0.593333364      0.929469228      0.302588165      0.269063473      0.740751266    
  0.596666694      0.930334508      0.302329034      0.267097205      0.739043295    
  0.600000024      0.929447293      0.302633017      0.266827106      0.737594366    
  0.603333354      0.927471936      0.303281635      0.266868383      0.735296130    
  0.606666684      0.925407410      0.303944111      0.266708940      0.732640445    
  0.610000014      0.924216330      0.304297090      0.266031742      0.730343997    
  0.613333344      0.924205840      0.304225177      0.265097231      0.729137957    
  0.616666675      0.925141156      0.303814411      0.264403313      0.729412615    
  0.620000005      0.926810324      0.303150564      0.264700770      0.731939614    
  0.623333335      0.928920150      0.302364230      0.265217990      0.735276401    
  0.626666665      0.930435181      0.301804036      0.265652567      0.737762511    
  0.629999995      0.929707587      0.302022547      0.265939444      0.737316668    
  0.633333325      0.927228749      0.302868366      0.266372681      0.734921157    
  0.636666656      0.924954534      0.303498566      0.266731590      0.732850313    
  0.639999986      0.925436258      0.303202718      0.266484588      0.733249843    
  0.643333375      0.927240074      0.302547544      0.265795082      0.734522045    
  0.646666706      0.928297937      0.302531749      0.265292734      0.734683931    
  0.650000036      0.928670824      0.302767396      0.265020251      0.734315634    
  0.653333366      0.930395246      0.302733988      0.264870971      0.735512495    
  0.656666696      0.932748795      0.303287774      0.264864594      0.736690700    
  0.660000026      0.933309913      0.304832458      0.265508562      0.736157119    
  0.663333356      0.796763420      0.261905611      0.238327429      0.642362237    
  0.666666687      0.409420937      0.167039096      0.174088359      0.353249758    
  0.670000017     -0.184206083       7.87427723E-02  0.106870495     -0.181369185    
  0.673333347      -2.13751495E-02   9.71540958E-02  0.122391306      -2.02763546E-02
  0.676666677      -2.17656698E-03   9.97205228E-02  0.124765806      -2.05761241E-03
  0.680000007       6.53958268E-05  0.100006811      0.125003502       6.17920086E-05
  0.683333337       8.73232275E-05  0.100011513      0.125008866       8.25108727E-05
  0.686666667      -5.64882866E-05   9.99925509E-02  0.124993600      -5.33770362E-05
  0.689999998      -1.97425270E-05   9.99973863E-02  0.124997675      -1.86550042E-05
  0.693333328       8.52750873E-06  0.100001149      0.125001013       8.05772470E-06
  0.696666658       2.97590236E-06  0.100000434      0.125000417       2.81196185E-06
  0.699999988      -1.56673786E-06   9.99998450E-02  0.124999888      -1.48042864E-06
  0.703333378      -5.02340527E-07   9.99999642E-02  0.124999978      -4.74667246E-07
  0.706666708       2.26409966E-07  0.100000054      0.125000045       2.13937284E-07
  0.710000038      -1.23030599E-08  0.100000031      0.125000015      -1.16252981E-08
  0.713333368      -1.29285368E-07   9.99999940E-02  0.125000000      -1.22163200E-07
  0.716666698      -6.57758576E-08   9.99999940E-02  0.125000000      -6.21523455E-08
  0.720000029      -1.16496345E-07   9.99999940E-02  0.125000000      -1.10078702E-07
  0.723333359      -1.16368824E-07  0.100000009      0.125000000      -1.09958194E-07
  0.726666689       9.96681226E-09  0.100000009      0.125000000       9.41775191E-09
  0.730000019       3.22693836E-08  0.100000009      0.125000015       3.04917016E-08
  0.733333349      -3.20898934E-08  0.100000031      0.125000015      -3.03220951E-08
  0.736666679      -5.35947819E-08  0.100000009      0.125000015      -5.06423099E-08
  0.740000010      -2.59496247E-08  0.100000009      0.125000000      -2.45200891E-08
  0.743333340       8.62203731E-09  0.100000009      0.125000000       8.14705903E-09
  0.746666670       3.22552332E-08  0.100000009      0.125000000       3.04783292E-08
  0.750000000      -4.95654229E-09  0.100000009      0.125000000      -4.68349182E-09
  0.753333330       4.95673769E-09  0.100000009      0.125000000       4.68367656E-09
  0.756666660       0.00000000      0.100000009      0.125000000       0.00000000    
  0.759999990       0.00000000      0.100000009      0.125000000       0.00000000    
  0.763333380       0.00000000      0.100000009      0.125000000       0.00000000    
  0.766666710       0.00000000      0.100000009      0.125000000       0.00000000    
  0.770000041       0.00000000      0.100000009      0.125000000       0.00000000    
  0.773333371       0.00000000      0.100000009      0.125000000       0.00000000    
  0.776666701       0.00000000      0.100000009      0.125000000       0.00000000    
  0.780000031       0.00000000      0.100000009      0.125000000       0.00000000    
  0.783333361       0.00000000      0.100000009      0.125000000       0.00000000    
  0.786666691       0.00000000      0.100000009      0.125000000       0.00000000    
  0.790000021       0.00000000      0.100000009      0.125000000       0.00000000    
  0.793333352       0.00000000      0.100000009      0.125000000       0.00000000    
  0.796666682       0.00000000      0.100000009      0.125000000       0.00000000    
  0.800000012      -6.20532203E-09  0.100000009      0.125000000      -5.86347770E-09
  0.803333342       2.44960741E-09  0.100000009      0.125000000       2.31466113E-09
  0.806666672       1.41271457E-07  0.100000009      0.125000000       1.33488967E-07
  0.810000002       1.21202312E-10   9.99999940E-02  0.125000000       1.14525424E-10
  0.813333333      -4.97411747E-08  0.100000009      0.125000000      -4.70009880E-08
  0.816666663       1.24193363E-07  0.100000009      0.125000000       1.17351689E-07
  0.819999993       6.68702569E-08   9.99999940E-02  0.125000000       6.31864552E-08
  0.823333383      -4.91683272E-09   9.99999940E-02  0.125000000      -4.64597028E-09
  0.826666713      -5.80634314E-08  0.100000009      0.125000015      -5.48647883E-08
  0.830000043       9.58265005E-08  0.100000009      0.125000000       9.05475233E-08
  0.833333373       1.12650923E-07  0.100000009      0.125000000       1.06445107E-07
  0.836666703       2.11642401E-07  0.100000009      0.125000015       1.99983276E-07
  0.840000033       2.98841627E-08   9.99999940E-02  0.125000015       2.82378831E-08
  0.843333364      -8.27435365E-09  0.100000009      0.125000015      -7.81852982E-09
  0.846666694       1.18049421E-07  0.100000009      0.125000015       1.11546221E-07
  0.850000024       8.35510932E-08  0.100000009      0.125000015       7.89483678E-08
  0.853333354       5.71860825E-09  0.100000009      0.125000015       5.40357714E-09
  0.856666684      -3.45644509E-08  0.100000009      0.125000015      -3.26603384E-08
  0.860000014       6.98513603E-08   9.99999940E-02  0.125000000       6.60033308E-08
  0.863333344       9.38034290E-08   9.99999940E-02  0.125000000       8.86359146E-08
  0.866666675       4.96494543E-08   9.99999940E-02  0.125000015       4.69143302E-08
  0.870000005       1.12646269E-07   9.99999940E-02  0.125000015       1.06440737E-07
  0.873333335       1.02963234E-07   9.99999940E-02  0.125000045       9.72911351E-08
  0.876666665      -1.39788597E-07  0.100000009      0.125000015      -1.32087806E-07
  0.879999995      -5.43537766E-08  0.100000009      0.125000000      -5.13594856E-08
  0.883333325       1.98255478E-07  0.100000009      0.125000000       1.87333796E-07
  0.886666715       1.88235290E-07  0.100000031      0.125000015       1.77865616E-07
  0.890000045      -1.38164077E-10  0.100000001      0.125000060      -1.30552819E-10
  0.893333375      -3.09213419E-08  0.100000009      0.125000045      -2.92179259E-08
  0.896666706      -8.14165162E-08  0.100000031      0.125000015      -7.69313715E-08
  0.900000036       6.94811462E-08  0.100000031      0.125000015       6.56535093E-08
  0.903333366       2.47342967E-07  0.100000009      0.125000015       2.33717145E-07
  0.906666696       1.09255062E-07   9.99999940E-02  0.125000000       1.03236331E-07
  0.910000026       4.31966729E-09   9.99999717E-02  0.124999993       4.08170253E-09
  0.913333356      -8.30580476E-08   9.99999940E-02  0.125000000      -7.84824792E-08
  0.916666687      -5.52553381E-09  0.100000009      0.125000015      -5.22113863E-09
  0.920000017       3.64637245E-08  0.100000009      0.125000015       3.44549811E-08
  0.923333347       1.77892652E-08  0.100000009      0.125000015       1.68092757E-08
  0.926666677      -4.84404552E-08  0.100000009      0.125000045      -4.57719338E-08
  0.930000007       3.72294089E-08  0.100000031      0.125000045       3.51784841E-08
  0.933333337       2.21237613E-07  0.100000031      0.125000015       2.09049873E-07
  0.936666667       1.63821568E-07  0.100000009      0.125000015       1.54796837E-07
  0.939999998       3.23336380E-08  0.100000009      0.125000015       3.05524175E-08
  0.943333328      -1.69024386E-08  0.100000009      0.125000015      -1.59713043E-08
  0.946666718       4.30859295E-08   9.99999940E-02  0.125000000       4.07123792E-08
  0.950000048       8.23905353E-08  0.100000016      0.124999978       7.78517233E-08
  0.953333378       1.56538405E-07   9.99999940E-02  0.125000000       1.47914889E-07
  0.956666708       2.25119905E-07  0.100000009      0.125000015       2.12718319E-07
  0.960000038       3.32751284E-08  0.100000009      0.125000015       3.14420419E-08
  0.963333368      -1.16479217E-08  0.100000009      0.125000015      -1.10062519E-08
  0.966666698      -9.63536806E-08  0.100000009      0.125000015      -9.10456706E-08
  0.970000029       5.61940148E-08  0.100000009      0.125000000       5.30983471E-08
  0.973333359       1.65744225E-07   9.99999940E-02  0.125000000       1.56613581E-07
  0.976666689       1.32689124E-07   9.99999940E-02  0.125000015       1.25379458E-07
  0.980000019       5.97742584E-08  0.100000009      0.125000015       5.64813654E-08
  0.983333349       8.13749494E-08  0.100000009      0.125000015       7.68920998E-08
  0.986666679      -5.19808863E-09   9.99999940E-02  0.125000000      -4.91173235E-09
  0.990000010       5.40899734E-08  0.100000009      0.125000015       5.11102236E-08
  0.993333340       1.64775429E-08  0.100000001      0.125000060       1.55698192E-08
  0.996666670      -3.68413495E-08  0.100000009      0.125000045      -3.48118085E-08
   1.00000000       0.00000000      0.100000009      0.125000000       0.00000000    
