   3.33333341E-03   0.00000000       1.00000000       1.00000000       0.00000000    
   6.66666683E-03  -8.69441976E-08   1.00000012       1.00000012      -7.34812602E-08
   9.99999978E-03  -1.36533430E-07   1.00000012       1.00000012      -1.15391806E-07
   1.33333337E-02  -1.06740501E-07   1.00000024       1.00000012      -9.02121755E-08
   1.66666675E-02  -3.22538760E-08   1.00000012       1.00000012      -2.72594995E-08
   1.99999996E-02  -3.68571698E-08  0.999999940       1.00000000      -3.11499981E-08
   2.33333334E-02  -9.21042798E-08   1.00000000       1.00000012      -7.78423299E-08
   2.66666673E-02   2.19206683E-07  0.999999881       1.00000012       1.85263474E-07
   3.00000012E-02   2.74160328E-07   1.00000000       1.00000012       2.31707787E-07
   3.33333351E-02   2.43280915E-08   1.00000012       1.00000012       2.05609894E-08
   3.66666690E-02  -2.40337812E-07   1.00000000       1.00000012      -2.03122539E-07
   3.99999991E-02  -5.55697675E-08   1.00000000       1.00000036      -4.69650345E-08
   4.33333330E-02  -9.59248894E-08   1.00000000       1.00000060      -8.10713487E-08
   4.66666669E-02   1.17973762E-07   1.00000000       1.00000060       9.97060567E-08
   5.00000007E-02   1.42130801E-07  0.999999940       1.00000036       1.20122479E-07
   5.33333346E-02  -1.37425346E-07   1.00000000       1.00000012      -1.16145628E-07
   5.66666685E-02  -1.40574343E-08   1.00000000       1.00000000      -1.18807000E-08
   6.00000024E-02   4.85449583E-08  0.999999940       1.00000000       4.10279810E-08
   6.33333325E-02   1.38207000E-07  0.999999821       1.00000000       1.16806241E-07
   6.66666701E-02   3.32668293E-08   1.00000000       1.00000012       2.81156041E-08
   7.00000003E-02  -2.46233327E-07   1.00000024       1.00000036      -2.08105163E-07
   7.33333379E-02  -3.36022850E-07   1.00000000       1.00000036      -2.83991199E-07
   7.66666681E-02  -3.07362598E-07   1.00000000       1.00000036      -2.59768854E-07
   7.99999982E-02   1.51593369E-08  0.999999881       1.00000012       1.28119790E-08
   8.33333358E-02   4.20129993E-08  0.999999940       1.00000036       3.55074725E-08
   8.66666660E-02  -8.39700149E-08   1.00000000       1.00000036      -7.09676300E-08
   9.00000036E-02   1.35195279E-07   1.00000000       1.00000012       1.14260878E-07
   9.33333337E-02   1.29085933E-07  0.999999940       1.00000000       1.09097535E-07
   9.66666713E-02   1.15347527E-08   1.00000000       1.00000012       9.74864633E-09
  0.100000001      -3.19101261E-08  0.999999940       1.00000036      -2.69689835E-08
  0.103333339      -8.52900328E-08   1.00000000       1.00000036      -7.20832460E-08
  0.106666669      -5.35948068E-08   1.00000000       1.00000000      -4.52958773E-08
  0.109999999      -2.48624943E-09   1.00000000       1.00000000      -2.10126427E-09
  0.113333337      -2.98902876E-08   1.00000000       1.00000000      -2.52619028E-08
  0.116666667      -1.44470306E-07   1.00000024       1.00000012      -1.22099678E-07
  0.120000005      -8.01425770E-08   1.00000024       1.00000036      -6.77328487E-08
  0.123333335       7.74449873E-08   1.00000000       1.00000036       6.54529728E-08
  0.126666665       1.55584146E-07   1.00000000       1.00000012       1.31492612E-07
  0.130000010      -1.02223972E-07  0.999999940       1.00000000      -8.63950333E-08
  0.133333340      -8.90589575E-08   1.00000012       1.00000012      -7.52685523E-08
  0.136666670      -1.64249094E-08   1.00000012       1.00000012      -1.38815821E-08
  0.140000001       4.30507150E-08   1.00000012       1.00000012       3.63844954E-08
  0.143333331       7.94053463E-08  0.999999940       1.00000000       6.71097737E-08
  0.146666676      -9.36940303E-09   1.00000000      0.999999762      -7.91859023E-09
  0.150000006       1.67293024E-08  0.999999940       1.00000000       1.41388421E-08
  0.153333336       6.50196768E-08   1.00000036       1.00000048       5.49516628E-08
  0.156666666       1.13791280E-07   1.00000036       1.00000048       9.61711919E-08
  0.159999996       1.09998403E-07   1.00000000       1.00000000       9.29656139E-08
  0.163333341       1.46984121E-07  0.999999940       1.00000000       1.24224272E-07
  0.166666672      -2.37965150E-08   1.00000000       1.00000012      -2.01117274E-08
  0.170000002      -1.57272652E-07   1.00000000       1.00000012      -1.32919666E-07
  0.173333332       1.28966393E-08  0.999999821       1.00000000       1.08996501E-08
  0.176666677       3.82285243E-08  0.999999940       1.00000000       3.23090035E-08
  0.180000007       3.71526738E-08   1.00000012       1.00000012       3.13997397E-08
  0.183333337      -1.02925377E-07   1.00000000       1.00000000      -8.69878178E-08
  0.186666667      -6.60475763E-08   1.00000012       1.00000012      -5.58203901E-08
  0.189999998      -1.00786259E-08  0.999999940      0.999999940      -8.51799342E-09
  0.193333343      -1.08598517E-08   1.00000012       1.00000012      -9.17824927E-09
  0.196666673       5.46144570E-08   1.00000024       1.00000012       4.61576342E-08
  0.200000003       3.70600723E-08   1.00000000       1.00000000       3.13214770E-08
  0.203333333      -4.86173013E-09   1.00000000       1.00000000      -4.10891188E-09
  0.206666678      -1.99024495E-08   1.00000000       1.00000000      -1.68206391E-08
  0.210000008       0.00000000       1.00000000       1.00000000       0.00000000    
  0.213333338       0.00000000       1.00000000       1.00000000       0.00000000    
  0.216666669       0.00000000       1.00000000       1.00000000       0.00000000    
  0.219999999       0.00000000       1.00000000       1.00000000       0.00000000    
  0.223333344       0.00000000       1.00000000       1.00000000       0.00000000    
  0.226666674       0.00000000       1.00000000       1.00000000       0.00000000    
  0.230000004       0.00000000       1.00000000       1.00000000       0.00000000    
  0.233333334       0.00000000       1.00000000       1.00000000       0.00000000    
  0.236666679       0.00000000       1.00000000       1.00000000       0.00000000    
  0.240000010       0.00000000       1.00000000       1.00000000       0.00000000    
  0.243333340       0.00000000       1.00000000       1.00000000       0.00000000    
  0.246666670       0.00000000       1.00000000       1.00000000       0.00000000    
  0.250000000       0.00000000       1.00000000       1.00000000       0.00000000    
  0.253333330       0.00000000       1.00000000       1.00000000       0.00000000    
  0.256666660       0.00000000       1.00000000       1.00000000       0.00000000    
  0.260000020       0.00000000       1.00000000       1.00000000       0.00000000    
  0.263333350       0.00000000       1.00000000       1.00000000       0.00000000    
  0.266666681       0.00000000       1.00000000       1.00000000       0.00000000    
  0.270000011       0.00000000       1.00000000       1.00000000       0.00000000    
  0.273333341       0.00000000       1.00000000       1.00000000       0.00000000    
  0.276666671       0.00000000       1.00000000       1.00000000       0.00000000    
  0.280000001       0.00000000       1.00000000       1.00000000       0.00000000    
  0.283333331       0.00000000       1.00000000       1.00000000       0.00000000    
  0.286666662       0.00000000       1.00000000       1.00000000       0.00000000    
  0.290000021       0.00000000       1.00000000       1.00000000       0.00000000    
  0.293333352       0.00000000       1.00000000       1.00000000       0.00000000    
  0.296666682       7.44610462E-09   1.00000000       1.00000000       6.29310692E-09
  0.300000012       3.36021699E-08   1.00000000       1.00000000       2.83990165E-08
  0.303333342       2.59152344E-08   1.00000000       1.00000000       2.19023697E-08
  0.306666672       5.36074509E-08   1.00000000       1.00000000       4.53065638E-08
  0.310000002      -4.46589361E-08   1.00000000       1.00000000      -3.77436891E-08
  0.313333333      -1.40411643E-07   1.00000012       1.00000012      -1.18669497E-07
  0.316666663      -3.51168836E-08   1.00000024       1.00000012      -2.96791800E-08
  0.319999993       1.75119137E-08   1.00000000       1.00000000       1.48002686E-08
  0.323333353       3.30993544E-08   1.00000000      0.999999762       2.79740568E-08
  0.326666683      -4.18142463E-08  0.999999940      0.999999940      -3.53394860E-08
  0.330000013      -3.11425161E-08  0.999999821       1.00000000      -2.63202331E-08
  0.333333343       1.35268948E-07   1.00000000       1.00000012       1.14323136E-07
  0.336666673       1.39904827E-07  0.999999821       1.00000036       1.18241196E-07
  0.340000004      -3.58812144E-08   1.00000000       1.00000048      -3.03251682E-08
  0.343333334       2.74051537E-08   1.00000024       1.00000036       2.31615847E-08
  0.346666664       1.69886974E-07  0.999999881      0.999999940       1.43580692E-07
  0.349999994       2.15222798E-07  0.999999583      0.999999821       1.81896496E-07
  0.353333354       2.27121248E-07  0.999999583       1.00000000       1.91952523E-07
  0.356666684      -7.46569171E-08  0.999999881       1.00000012      -6.30966142E-08
  0.360000014      -2.56674753E-07   1.00000036       1.00000012      -2.16929735E-07
  0.363333344      -4.25782076E-07   1.00000072       1.00000060      -3.59851526E-07
  0.366666675       6.78679555E-07  0.999999464      0.999999702       5.73589034E-07
  0.370000005       2.61403738E-06  0.999996841      0.999997795       2.20926586E-06
  0.373333335       1.54128429E-06  0.999998033      0.999998629       1.30262333E-06
  0.376666665      -7.03857131E-06   1.00000834       1.00000608      -5.94867197E-06
  0.379999995      -1.76873036E-05   1.00002122       1.00001514      -1.49484549E-05
  0.383333355      -7.76531488E-06   1.00000930       1.00000668      -6.56288012E-06
  0.386666685       4.19025637E-05  0.999950588      0.999964476       3.54143740E-05
  0.390000015       8.90121519E-05  0.999894798      0.999924958       7.52301348E-05
  0.393333346      -9.50914728E-06   1.00001144       1.00000942      -8.03668900E-06
  0.396666676      -4.89498780E-04   1.00057960       1.00041282      -4.13667498E-04
  0.400000006      -1.54755893E-03   1.00182939       1.00130403      -1.30758306E-03
  0.403333336      -2.71687447E-03   1.00322616       1.00231779      -2.29513831E-03
  0.406666666       1.25060482E-02  0.985297263      0.989470959       1.05919028E-02
  0.409999996       3.69919501E-02  0.957041025      0.969115555       3.14605087E-02
  0.413333356       6.36971369E-02  0.927022874      0.947310209       5.44197820E-02
  0.416666687       9.18733925E-02  0.896229684      0.924726665       7.88719878E-02
  0.420000017      0.121354789      0.864952087      0.901557982      0.104711339    
  0.423333347      0.151860029      0.833577573      0.878076136      0.131726310    
  0.426666677      0.183207795      0.802357256      0.854457140      0.159786895    
  0.430000007      0.215248302      0.771488190      0.830844402      0.188786492    
  0.433333337      0.247897014      0.741086245      0.807323217      0.218673736    
  0.436666667      0.281123340      0.711207032      0.783936977      0.249445364    
  0.439999998      0.314861089      0.681930780      0.760748565      0.281064093    
  0.443333358      0.349049330      0.653323114      0.737812817      0.313495904    
  0.446666688      0.383606493      0.625457704      0.715194464      0.346684992    
  0.450000018      0.418473840      0.598380744      0.692938387      0.380594760    
  0.453333348      0.453634173      0.572100401      0.671059847      0.415227622    
  0.456666678      0.489095777      0.546603620      0.649556994      0.450611532    
  0.460000008      0.524876416      0.521871269      0.628424227      0.486785710    
  0.463333338      0.560983062      0.497891903      0.607663453      0.523781002    
  0.466666669      0.597394228      0.474673033      0.587289691      0.561598480    
  0.469999999      0.634042382      0.452245951      0.567333281      0.600186288    
  0.473333359      0.670784473      0.430679411      0.547858775      0.639405370    
  0.476666689      0.707347929      0.410099566      0.529003322      0.678974807    
  0.480000019      0.743237913      0.390724897      0.511025488      0.718372285    
  0.483333349      0.777606070      0.372911423      0.494325638      0.756657541    
  0.486666679      0.809223294      0.357141733      0.479393333      0.792373717    
  0.490000010      0.837140083      0.343694746      0.466477066      0.824257314    
  0.493333340      0.861377120      0.332373857      0.455377847      0.852122068    
  0.496666670      0.882265270      0.322876871      0.445895404      0.876260400    
  0.500000000      0.899887383      0.315049320      0.438042969      0.896795094    
  0.503333330      0.914018333      0.308891743      0.431972653      0.913515329    
  0.506666660      0.924076140      0.304571599      0.427915335      0.925716400    
  0.509999990      0.929526985      0.302250355      0.425926298      0.932570815    
  0.513333321      0.931044757      0.301604927      0.425476700      0.934598744    
  0.516666651      0.930027962      0.302033573      0.425786346      0.933254838    
  0.520000041      0.927714646      0.303012580      0.426338881      0.930031240    
  0.523333371      0.925148785      0.304099262      0.426916480      0.926427305    
  0.526666701      0.923377573      0.304846913      0.427369863      0.924009264    
  0.530000031      0.923384190      0.304834664      0.427649528      0.924336791    
  0.533333361      0.924948156      0.304157883      0.428035170      0.927349746    
  0.536666691      0.927079439      0.303241730      0.428329200      0.931209326    
  0.540000021      0.928891540      0.302467078      0.428454995      0.934360623    
  0.543333352      0.929739177      0.302109063      0.427971274      0.935238898    
  0.546666682      0.929758430      0.302108824      0.426144093      0.933259964    
  0.550000012      0.929617465      0.302182555      0.424334407      0.931021512    
  0.553333342      0.929743946      0.302147359      0.422715455      0.929424167    
  0.556666672      0.929936528      0.302081108      0.421943814      0.928869784    
  0.560000002      0.929486632      0.302286267      0.423546642      0.929866374    
  0.563333333      0.927865624      0.302971274      0.426622629      0.930555522    
  0.566666663      0.925648272      0.303911507      0.418106794      0.917596996    
  0.569999993      0.924316227      0.304459572      0.374779314      0.866721451    
  0.573333323      0.925153017      0.304076582      0.326926053      0.810742259    
  0.576666653      0.927042663      0.303323507      0.283230066      0.757098377    
  0.580000043      0.927568734      0.303067297      0.266772807      0.735501111    
  0.583333373      0.925935328      0.303513467      0.267200232      0.734253526    
  0.586666703      0.923805952      0.304124683      0.267498970      0.732237518    
  0.590000033      0.923419476      0.304181337      0.267333835      0.731637001    
  0.593333364      0.925246835      0.303541541      0.266225368      0.732334077    
  0.596666694      0.927758157      0.302685529      0.264681727      0.733224452    
  0.600000024      0.929288566      0.302134812      0.263531446      0.733503819    
  0.603333354      0.929160058      0.302072167      0.263365060      0.733246922    
  0.606666684      0.927718937      0.302473158      0.264527321      0.733236790    
  0.610000014      0.925485849      0.303161949      0.266058743      0.732752323    
  0.613333344      0.923869967      0.303971380      0.267392069      0.732326508    
  0.616666675      0.924573302      0.304561555      0.267573476      0.732421935    
  0.620000005      0.926484883      0.304543197      0.267204165      0.733451664    
  0.623333335      0.928383291      0.304409474      0.267119795      0.734999835    
  0.626666665      0.930010200      0.304131091      0.267190725      0.736722529    
  0.629999995      0.935780525      0.304012418      0.266882628      0.741010666    
  0.633333325      0.942466795      0.304965496      0.266133398      0.744091630    
  0.636666656      0.675523937      0.226946101      0.213520586      0.553777456    
  0.639999986      0.171129599      0.124121964      0.142402679      0.154915854    
  0.643333375     -0.120142259       8.53199586E-02  0.111860193     -0.116263725    
  0.646666706      -1.72388405E-02   9.77262557E-02  0.122923069      -1.63401160E-02
  0.650000036      -1.05105119E-03   9.98703390E-02  0.124896087      -9.93381371E-04
  0.653333366       2.16072556E-04  0.100026369      0.125021771       2.04160227E-04
  0.656666696       4.18647032E-05  0.100005560      0.125004247       3.95579991E-05
  0.660000026      -5.27595366E-05   9.99930650E-02  0.124993972      -4.98536065E-05
  0.663333356      -1.06384814E-05   9.99985486E-02  0.124998696      -1.00524403E-05
  0.666666687       6.46099124E-06  0.100000836      0.125000730       6.10505549E-06
  0.670000017       2.07036305E-06  0.100000292      0.125000268       1.95630832E-06
  0.673333347      -1.33524463E-06   9.99998301E-02  0.124999881      -1.26168800E-06
  0.676666677      -4.45828533E-07   9.99999866E-02  0.125000000      -4.21268368E-07
  0.680000007       1.20409979E-07  0.100000054      0.125000060       1.13776728E-07
  0.683333337       9.32746858E-09  0.100000046      0.125000015       8.81362805E-09
  0.686666667      -6.89995119E-08  0.100000009      0.125000015      -6.51984138E-08
  0.689999998      -2.83481771E-08   9.99999940E-02  0.125000000      -2.67865108E-08
  0.693333328       3.14764925E-08   9.99999940E-02  0.125000000       2.97424911E-08
  0.696666658      -1.61463696E-08   9.99999940E-02  0.125000015      -1.52568873E-08
  0.699999988      -1.92238531E-07  0.100000009      0.125000045      -1.81648360E-07
  0.703333378      -2.17249916E-08  0.100000009      0.125000015      -2.05281889E-08
  0.706666708      -4.84368918E-08   9.99999940E-02  0.125000000      -4.57685623E-08
  0.710000038      -1.51177701E-07  0.100000009      0.125000000      -1.42849487E-07
  0.713333368      -9.90558124E-09  0.100000009      0.125000000      -9.35989330E-09
  0.716666698       6.19143803E-09  0.100000009      0.125000000       5.85035842E-09
  0.720000029      -9.91402160E-09  0.100000009      0.125000000      -9.36786915E-09
  0.723333359      -2.47850540E-09  0.100000009      0.125000000      -2.34196729E-09
  0.726666689       0.00000000      0.100000009      0.125000000       0.00000000    
  0.730000019       0.00000000      0.100000009      0.125000000       0.00000000    
  0.733333349       0.00000000      0.100000009      0.125000000       0.00000000    
  0.736666679       0.00000000      0.100000009      0.125000000       0.00000000    
  0.740000010       0.00000000      0.100000009      0.125000000       0.00000000    
  0.743333340       0.00000000      0.100000009      0.125000000       0.00000000    
  0.746666670       0.00000000      0.100000009      0.125000000       0.00000000    
  0.750000000       0.00000000      0.100000009      0.125000000       0.00000000    
  0.753333330       0.00000000      0.100000009      0.125000000       0.00000000    
  0.756666660       0.00000000      0.100000009      0.125000000       0.00000000    
  0.759999990       0.00000000      0.100000009      0.125000000       0.00000000    
  0.763333380       0.00000000      0.100000009      0.125000000       0.00000000    
  0.766666710       0.00000000      0.100000009      0.125000000       0.00000000    
  0.770000041       0.00000000      0.100000009      0.125000000       0.00000000    
  0.773333371       0.00000000      0.100000009      0.125000000       0.00000000    
  0.776666701       0.00000000      0.100000009      0.125000000       0.00000000    
  0.780000031       0.00000000      0.100000009      0.125000000       0.00000000    
  0.783333361       0.00000000      0.100000009      0.125000000       0.00000000    
  0.786666691       0.00000000      0.100000009      0.125000000       0.00000000    
  0.790000021       0.00000000      0.100000009      0.125000000       0.00000000    
  0.793333352       0.00000000      0.100000009      0.125000000       0.00000000    
  0.796666682       0.00000000      0.100000009      0.125000000       0.00000000    
  0.800000012       0.00000000      0.100000009      0.125000000       0.00000000    
  0.803333342       0.00000000      0.100000009      0.125000000       0.00000000    
  0.806666672       0.00000000      0.100000009      0.125000000       0.00000000    
  0.810000002       0.00000000      0.100000009      0.125000000       0.00000000    
  0.813333333       0.00000000      0.100000009      0.125000000       0.00000000    
  0.816666663       0.00000000      0.100000009      0.125000000       0.00000000    
  0.819999993      -1.24390309E-09  0.100000009      0.125000000      -1.17537780E-09
  0.823333383       8.68871997E-09  0.100000009      0.125000000       8.21006818E-09
  0.826666713       4.08459719E-08  0.100000009      0.125000000       3.85958110E-08
  0.830000043       3.84991345E-08  0.100000009      0.125000000       3.63782604E-08
  0.833333373      -2.59891717E-08  0.100000009      0.125000000      -2.45574565E-08
  0.836666703       1.09096723E-08  0.100000009      0.125000000       1.03086704E-08
  0.840000033       5.20869996E-08  0.100000001      0.124999978       4.92175829E-08
  0.843333364       4.89528702E-08  0.100000009      0.125000000       4.62561118E-08
  0.846666694       1.81187914E-07   9.99999940E-02  0.125000015       1.71206509E-07
  0.850000024       9.08897491E-08  0.100000009      0.125000015       8.58827391E-08
  0.853333354      -3.02621572E-08  0.100000009      0.125000015      -2.85950517E-08
  0.856666684       3.73873412E-08  0.100000009      0.125000000       3.53277123E-08
  0.860000014       2.15613856E-08  0.100000009      0.125000000       2.03735926E-08
  0.863333344      -4.26300808E-08  0.100000009      0.125000000      -4.02816376E-08
  0.866666675      -1.62692615E-08  0.100000031      0.125000000      -1.53730042E-08
  0.870000005       7.32535526E-08  0.100000031      0.125000045       6.92181032E-08
  0.873333335       8.07769212E-08  0.100000009      0.125000045       7.63270265E-08
  0.876666665       1.35010538E-07   9.99999940E-02  0.125000000       1.27572974E-07
  0.879999995       8.08747131E-08  0.100000001      0.124999993       7.64194112E-08
  0.883333325       1.23795971E-07  0.100000009      0.125000000       1.16976189E-07
  0.886666715       2.04719910E-07  0.100000009      0.125000015       1.93442133E-07
  0.890000045       1.01882826E-07   9.99999940E-02  0.125000015       9.62702345E-08
  0.893333375      -4.24112372E-08   9.99999940E-02  0.125000015      -4.00748590E-08
  0.896666706      -4.82004197E-08  0.100000009      0.125000000      -4.55451108E-08
  0.900000036       6.33003197E-08  0.100000031      0.125000045       5.98131820E-08
  0.903333366       1.23769993E-07  0.100000024      0.125000060       1.16951668E-07
  0.906666696       4.61903618E-08   9.99999940E-02  0.125000000       4.36457910E-08
  0.910000026      -5.55819497E-08  0.100000009      0.125000000      -5.25200008E-08
  0.913333356       1.24254589E-08  0.100000031      0.125000045       1.17409558E-08
  0.916666687       3.27973311E-08  0.100000031      0.125000015       3.09905630E-08
  0.920000017       1.22161580E-07  0.100000009      0.125000000       1.15431831E-07
  0.923333347       1.40736091E-07  0.100000009      0.125000015       1.32983104E-07
  0.926666677       1.07970315E-07  0.100000009      0.125000015       1.02022362E-07
  0.930000007       1.06398716E-07   9.99999866E-02  0.125000000       1.00537342E-07
  0.933333337      -2.94355207E-08   9.99999940E-02  0.125000000      -2.78139538E-08
  0.936666667       3.88130944E-10  0.100000009      0.125000015       3.66749270E-10
  0.939999998       7.69115189E-08  0.100000009      0.125000015       7.26745597E-08
  0.943333328       8.37118179E-08  0.100000009      0.125000000       7.91002250E-08
  0.946666718       6.88141313E-08  0.100000009      0.125000015       6.50232437E-08
  0.950000048       3.18378284E-08  0.100000009      0.125000000       3.00839176E-08
  0.953333378       1.60280194E-07  0.100000009      0.125000000       1.51450536E-07
  0.956666708       1.03405590E-07  0.100000009      0.125000015       9.77090977E-08
  0.960000038       3.59556225E-08  0.100000009      0.125000015       3.39748709E-08
  0.963333368       2.53591086E-08   9.99999940E-02  0.125000000       2.39621052E-08
  0.966666698       3.88881247E-08  0.100000009      0.125000000       3.67458206E-08
  0.970000029       5.25902308E-08  0.100000009      0.125000015       4.96930994E-08
  0.973333359      -6.69697231E-09  0.100000009      0.125000015      -6.32804431E-09
  0.976666689       6.81647236E-08  0.100000009      0.125000000       6.44096048E-08
  0.980000019       4.35895267E-08  0.100000009      0.125000000       4.11882262E-08
  0.983333349      -5.64370772E-08  0.100000009      0.125000000      -5.33280193E-08
  0.986666679      -1.01896262E-07   9.99999940E-02  0.125000000      -9.62829176E-08
  0.990000010      -8.25083930E-08   9.99999940E-02  0.125000015      -7.79631151E-08
  0.993333340      -1.46970809E-08   9.99999791E-02  0.125000045      -1.38874396E-08
  0.996666670      -2.54849084E-08   9.99999940E-02  0.125000045      -2.40809808E-08
   1.00000000       0.00000000      0.100000009      0.125000000       0.00000000    
