   3.33333341E-03   0.00000000       1.00000000       1.00000000       0.00000000    
   6.66666683E-03  -2.72310725E-08   1.00000000       1.00000000      -2.30144561E-08
   9.99999978E-03   5.30093835E-08   1.00000024       1.00000012       4.48011015E-08
   1.33333337E-02  -4.05119422E-08   1.00000000       1.00000012      -3.42388446E-08
   1.66666675E-02  -3.58616354E-08   1.00000000       1.00000000      -3.03086125E-08
   1.99999996E-02   5.30517035E-08   1.00000000       1.00000000       4.48368738E-08
   2.33333334E-02  -1.16423656E-07  0.999999821       1.00000000      -9.83959580E-08
   2.66666673E-02  -7.27648413E-08  0.999999821       1.00000000      -6.14975235E-08
   3.00000012E-02  -5.30875859E-08  0.999999821       1.00000000      -4.48672033E-08
   3.33333351E-02  -1.20049775E-08  0.999999940       1.00000000      -1.01460582E-08
   3.66666690E-02   1.94126656E-07  0.999999940       1.00000000       1.64066989E-07
   3.99999991E-02  -1.76358359E-08   1.00000000       1.00000036      -1.49050052E-08
   4.33333330E-02  -1.01814848E-07   1.00000000       1.00000036      -8.60492690E-08
   4.66666669E-02   5.13149487E-08   1.00000024       1.00000036       4.33690523E-08
   5.00000007E-02   9.13273297E-08   1.00000024       1.00000012       7.71856747E-08
   5.33333346E-02  -6.68972859E-08   1.00000000       1.00000012      -5.65385321E-08
   5.66666685E-02  -7.78641081E-08   1.00000000       1.00000000      -6.58071784E-08
   6.00000024E-02  -3.01049035E-08   1.00000000       1.00000000      -2.54432866E-08
   6.33333325E-02   1.61046447E-08   1.00000000       1.00000000       1.36109088E-08
   6.66666701E-02  -1.60782960E-08   1.00000000       1.00000000      -1.35886404E-08
   7.00000003E-02  -1.04094859E-07   1.00000000       1.00000000      -8.79762112E-08
   7.33333379E-02  -3.48322260E-08  0.999999821       1.00000000      -2.94386062E-08
   7.66666681E-02   1.58586886E-07  0.999999881       1.00000012       1.34030387E-07
   7.99999982E-02   9.63746842E-08  0.999999940       1.00000000       8.14514820E-08
   8.33333358E-02  -6.83289940E-08   1.00000000       1.00000000      -5.77485402E-08
   8.66666660E-02  -9.85479787E-08   1.00000000       1.00000000      -8.32882421E-08
   9.00000036E-02  -5.37639728E-08  0.999999940       1.00000000      -4.54388527E-08
   9.33333337E-02  -4.96426864E-08   1.00000000       1.00000012      -4.19557296E-08
   9.66666713E-02   9.70225571E-08  0.999999940       1.00000000       8.19990333E-08
  0.100000001      -2.38207619E-07   1.00000012       1.00000012      -2.01322180E-07
  0.103333339      -2.55504915E-07   1.00000000       1.00000000      -2.15941057E-07
  0.106666669       5.20539842E-08   1.00000012       1.00000012       4.39936443E-08
  0.109999999       2.55273505E-07   1.00000012       1.00000012       2.15745487E-07
  0.113333337       1.45290528E-07   1.00000012       1.00000012       1.22792912E-07
  0.116666667      -4.97044468E-08   1.00000024       1.00000012      -4.20079189E-08
  0.120000005      -1.54968248E-07  0.999999940       1.00000000      -1.30972083E-07
  0.123333335      -3.45204647E-08   1.00000000       1.00000000      -2.91751174E-08
  0.126666665       1.64921914E-07   1.00000012       1.00000012       1.39384454E-07
  0.130000010       9.28323445E-08   1.00000012       1.00000012       7.84576528E-08
  0.133333340       3.24775051E-08   1.00000000       1.00000000       2.74485004E-08
  0.136666670      -3.77397402E-09   1.00000000       1.00000000      -3.18959015E-09
  0.140000001       8.64987459E-09  0.999999940       1.00000000       7.31047889E-09
  0.143333331       3.71106812E-09   1.00000000       1.00000000       3.13642490E-09
  0.146666676       3.72588094E-09   1.00000000       1.00000000       3.14894399E-09
  0.150000006      -4.96784125E-09  0.999999940       1.00000000      -4.19859258E-09
  0.153333336       0.00000000       1.00000000       1.00000000       0.00000000    
  0.156666666       0.00000000       1.00000000       1.00000000       0.00000000    
  0.159999996       0.00000000       1.00000000       1.00000000       0.00000000    
  0.163333341       0.00000000       1.00000000       1.00000000       0.00000000    
  0.166666672       0.00000000       1.00000000       1.00000000       0.00000000    
  0.170000002       0.00000000       1.00000000       1.00000000       0.00000000    
  0.173333332       0.00000000       1.00000000       1.00000000       0.00000000    
  0.176666677       0.00000000       1.00000000       1.00000000       0.00000000    
  0.180000007       0.00000000       1.00000000       1.00000000       0.00000000    
  0.183333337       0.00000000       1.00000000       1.00000000       0.00000000    
  0.186666667       0.00000000       1.00000000       1.00000000       0.00000000    
  0.189999998       0.00000000       1.00000000       1.00000000       0.00000000    
  0.193333343       0.00000000       1.00000000       1.00000000       0.00000000    
  0.196666673       0.00000000       1.00000000       1.00000000       0.00000000    
  0.200000003       0.00000000       1.00000000       1.00000000       0.00000000    
  0.203333333       0.00000000       1.00000000       1.00000000       0.00000000    
  0.206666678       0.00000000       1.00000000       1.00000000       0.00000000    
  0.210000008       0.00000000       1.00000000       1.00000000       0.00000000    
  0.213333338       0.00000000       1.00000000       1.00000000       0.00000000    
  0.216666669       0.00000000       1.00000000       1.00000000       0.00000000    
  0.219999999       0.00000000       1.00000000       1.00000000       0.00000000    
  0.223333344       0.00000000       1.00000000       1.00000000       0.00000000    
  0.226666674       0.00000000       1.00000000       1.00000000       0.00000000    
  0.230000004       0.00000000       1.00000000       1.00000000       0.00000000    
  0.233333334       0.00000000       1.00000000       1.00000000       0.00000000    
  0.236666679       0.00000000       1.00000000       1.00000000       0.00000000    
  0.240000010       0.00000000       1.00000000       1.00000000       0.00000000    
  0.243333340       0.00000000       1.00000000       1.00000000       0.00000000    
  0.246666670       0.00000000       1.00000000       1.00000000       0.00000000    
  0.250000000       0.00000000       1.00000000       1.00000000       0.00000000    
  0.253333330       0.00000000       1.00000000       1.00000000       0.00000000    
  0.256666660       0.00000000       1.00000000       1.00000000       0.00000000    
  0.260000020       0.00000000       1.00000000       1.00000000       0.00000000    
  0.263333350       0.00000000       1.00000000       1.00000000       0.00000000    
  0.266666681       0.00000000       1.00000000       1.00000000       0.00000000    
  0.270000011       0.00000000       1.00000000       1.00000000       0.00000000    
  0.273333341       0.00000000       1.00000000       1.00000000       0.00000000    
  0.276666671       0.00000000       1.00000000       1.00000000       0.00000000    
  0.280000001       0.00000000       1.00000000       1.00000000       0.00000000    
  0.283333331       0.00000000       1.00000000       1.00000000       0.00000000    
  0.286666662       0.00000000       1.00000000       1.00000000       0.00000000    
  0.290000021       0.00000000       1.00000000       1.00000000       0.00000000    
  0.293333352       0.00000000       1.00000000       1.00000000       0.00000000    
  0.296666682       0.00000000       1.00000000       1.00000000       0.00000000    
  0.300000012       0.00000000       1.00000000       1.00000000       0.00000000    
  0.303333342       0.00000000       1.00000000       1.00000000       0.00000000    
  0.306666672       0.00000000       1.00000000       1.00000000       0.00000000    
  0.310000002       0.00000000       1.00000000       1.00000000       0.00000000    
  0.313333333       0.00000000       1.00000000       1.00000000       0.00000000    
  0.316666663       0.00000000       1.00000000       1.00000000       0.00000000    
  0.319999993       0.00000000       1.00000000       1.00000000       0.00000000    
  0.323333353       0.00000000       1.00000000       1.00000000       0.00000000    
  0.326666683       0.00000000       1.00000000       1.00000000       0.00000000    
  0.330000013       0.00000000       1.00000000       1.00000000       0.00000000    
  0.333333343       0.00000000       1.00000000       1.00000000       0.00000000    
  0.336666673       0.00000000       1.00000000       1.00000000       0.00000000    
  0.340000004       0.00000000       1.00000000       1.00000000       0.00000000    
  0.343333334       0.00000000       1.00000000       1.00000000       0.00000000    
  0.346666664       0.00000000       1.00000000       1.00000000       0.00000000    
  0.349999994       0.00000000       1.00000000       1.00000000       0.00000000    
  0.353333354       0.00000000       1.00000000       1.00000000       0.00000000    
  0.356666684       0.00000000       1.00000000       1.00000000       0.00000000    
  0.360000014       0.00000000       1.00000000       1.00000000       0.00000000    
  0.363333344       0.00000000       1.00000000       1.00000000       0.00000000    
  0.366666675       0.00000000       1.00000000       1.00000000       0.00000000    
  0.370000005       0.00000000       1.00000000       1.00000000       0.00000000    
  0.373333335       1.24132500E-08   1.00000000       1.00000000       1.04911111E-08
  0.376666665      -4.96148811E-09   1.00000000       1.00000000      -4.19322266E-09
  0.379999995      -8.42506367E-08   1.00000012       1.00000012      -7.12047807E-08
  0.383333355       2.97288238E-08  0.999999940       1.00000000       2.51254448E-08
  0.386666685       7.56230278E-08   1.00000012       1.00000012       6.39131201E-08
  0.390000015      -1.14164870E-07   1.00000024       1.00000012      -9.64869145E-08
  0.393333346       7.46149880E-08  0.999999821       1.00000000       6.30611794E-08
  0.396666676       3.53285003E-07  0.999999583      0.999999821       2.98580375E-07
  0.400000006       3.33369400E-07  0.999999702      0.999999821       2.81748584E-07
  0.403333336      -1.56862271E-07   1.00000000       1.00000000      -1.32572808E-07
  0.406666666      -7.61218587E-07   1.00000060       1.00000048      -6.43347107E-07
  0.409999996      -8.90006902E-10  0.999999762       1.00000000      -7.52193252E-10
  0.413333356       1.83884583E-06  0.999997735      0.999998629       1.55410919E-06
  0.416666687       6.84564327E-07  0.999999344      0.999999821       5.78562606E-07
  0.420000017      -6.89244325E-06   1.00000823       1.00000620      -5.82517168E-06
  0.423333347      -1.05759118E-05   1.00001228       1.00000906      -8.93826200E-06
  0.426666677       1.28174315E-05  0.999984443      0.999988973       1.08327313E-05
  0.430000007       4.74879962E-05  0.999943614      0.999960423       4.01350153E-05
  0.433333337      -2.24124997E-05   1.00002658       1.00001872      -1.89419443E-05
  0.436666667      -4.01341269E-04   1.00047338       1.00033176      -3.39171296E-04
  0.439999998      -1.08686241E-03   1.00128257       1.00092733      -9.18403442E-04
  0.443333358       1.46648253E-03  0.998277485      0.998773038       1.23971154E-03
  0.446666688       3.15758511E-02  0.963228941      0.973533332       2.68288273E-02
  0.450000018       7.21306205E-02  0.917710483      0.940468609       6.17127568E-02
  0.453333348      0.116035812      0.870523095      0.905681908      0.100028954    
  0.456666678      0.163279474      0.822088957      0.869397819      0.141911462    
  0.460000008      0.213823944      0.772837162      0.831857026      0.187487662    
  0.463333338      0.267332911      0.723489881      0.793569505      0.236627206    
  0.466666669      0.322667003      0.675310850      0.755427659      0.288426489    
  0.469999999      0.380791605      0.627693951      0.717048705      0.343972474    
  0.473333359      0.439633965      0.582453012      0.679863930      0.401428133    
  0.476666689      0.500110805      0.538891554      0.642955005      0.461680800    
  0.480000019      0.562537968      0.496885151      0.606515229      0.525267720    
  0.483333349      0.626305044      0.456923962      0.571970463      0.592225015    
  0.486666679      0.690421522      0.419532150      0.538918078      0.661346555    
  0.490000010      0.752962470      0.385565639      0.506819725      0.729603529    
  0.493333340      0.806550682      0.358407080      0.480209619      0.789032280    
  0.496666670      0.846118748      0.339455217      0.461546987      0.833842516    
  0.500000000      0.876626253      0.325440437      0.448010445      0.869278133    
  0.503333330      0.899637818      0.315190583      0.438817888      0.897138059    
  0.506666660      0.915720582      0.308177918      0.433201104      0.917577982    
  0.509999990      0.925766289      0.303857118      0.429971308      0.930727124    
  0.513333321      0.930707335      0.301730633      0.427768558      0.936577797    
  0.516666651      0.931520343      0.301325530      0.425451308      0.935481668    
  0.520000041      0.929606557      0.302028626      0.424123764      0.931016564    
  0.523333371      0.926534355      0.303256303      0.423526078      0.925406814    
  0.526666701      0.923797667      0.304471374      0.423654467      0.920970082    
  0.530000031      0.922995806      0.304891825      0.425062448      0.921062708    
  0.533333361      0.923667550      0.304500431      0.427044958      0.924473584    
  0.536666691      0.924777508      0.303779602      0.417619199      0.916398108    
  0.540000021      0.926843047      0.302875727      0.373422951      0.869782090    
  0.543333352      0.929880083      0.302074850      0.324742466      0.814845324    
  0.546666682      0.931688190      0.302193135      0.281063288      0.759392560    
  0.550000012      0.931742013      0.303085774      0.264498472      0.735631764    
  0.553333342      0.931966007      0.303610086      0.266096860      0.737390995    
  0.556666672      0.933302999      0.303316265      0.266587406      0.739487112    
  0.560000002      0.933202326      0.302768946      0.266661644      0.740178347    
  0.563333333      0.931182444      0.302748561      0.266138345      0.737876177    
  0.566666663      0.929648399      0.302601129      0.264749974      0.734915495    
  0.569999993      0.930527925      0.302377731      0.263358742      0.733946443    
  0.573333323      0.928554356      0.303272545      0.263296485      0.731222093    
  0.576666653      0.911507666      0.300648987      0.263501793      0.721204162    
  0.580000043      0.620192826      0.215286121      0.208665013      0.516035438    
  0.583333373      0.183227122      0.125694856      0.143092886      0.165225089    
  0.586666703      -9.81993824E-02   8.80652666E-02  0.114459164      -9.46166739E-02
  0.590000033      -3.13959434E-03   9.95857418E-02  0.124633856      -2.96844449E-03
  0.593333364      -1.73259919E-04   9.99752954E-02  0.124980032      -1.63722376E-04
  0.596666694       1.02373000E-04  0.100013383      0.125010967       9.67311644E-05
  0.600000024      -4.39697396E-05   9.99942645E-02  0.124994777      -4.15478244E-05
  0.603333354      -2.94042438E-05   9.99961421E-02  0.124996543      -2.77845502E-05
  0.606666684       6.94179698E-06  0.100000940      0.125000834       6.55937311E-06
  0.610000014       5.33019556E-06  0.100000724      0.125000611       5.03655519E-06
  0.613333344      -1.41123132E-06   9.99998525E-02  0.124999829      -1.33348829E-06
  0.616666675      -1.07795870E-06   9.99998972E-02  0.124999888      -1.01857540E-06
  0.620000005       3.62370713E-07  0.100000046      0.125000045       3.42408100E-07
  0.623333335       2.53198209E-07  0.100000054      0.125000060       2.39249800E-07
  0.626666665       1.37082328E-08  0.100000031      0.125000015       1.29530617E-08
  0.629999995      -4.61437253E-08   9.99999940E-02  0.125000000      -4.36017231E-08
  0.633333325      -1.42404559E-07   9.99999940E-02  0.125000000      -1.34559670E-07
  0.636666656      -1.17808042E-07  0.100000009      0.125000000      -1.11318130E-07
  0.639999986      -5.47594361E-08  0.100000009      0.125000000      -5.17427985E-08
  0.643333375      -1.36888501E-08  0.100000009      0.125000000      -1.29347466E-08
  0.646666706       3.97418205E-08  0.100000009      0.125000000       3.75524891E-08
  0.650000036       2.48392062E-09   9.99999940E-02  0.125000000       2.34708453E-09
  0.653333366      -7.45176187E-09  0.100000009      0.125000000      -7.04125247E-09
  0.656666696       0.00000000      0.100000009      0.125000000       0.00000000    
  0.660000026       0.00000000      0.100000009      0.125000000       0.00000000    
  0.663333356       0.00000000      0.100000009      0.125000000       0.00000000    
  0.666666687       0.00000000      0.100000009      0.125000000       0.00000000    
  0.670000017       0.00000000      0.100000009      0.125000000       0.00000000    
  0.673333347       0.00000000      0.100000009      0.125000000       0.00000000    
  0.676666677       0.00000000      0.100000009      0.125000000       0.00000000    
  0.680000007       0.00000000      0.100000009      0.125000000       0.00000000    
  0.683333337       0.00000000      0.100000009      0.125000000       0.00000000    
  0.686666667       0.00000000      0.100000009      0.125000000       0.00000000    
  0.689999998       0.00000000      0.100000009      0.125000000       0.00000000    
  0.693333328       0.00000000      0.100000009      0.125000000       0.00000000    
  0.696666658       0.00000000      0.100000009      0.125000000       0.00000000    
  0.699999988       0.00000000      0.100000009      0.125000000       0.00000000    
  0.703333378       0.00000000      0.100000009      0.125000000       0.00000000    
  0.706666708       0.00000000      0.100000009      0.125000000       0.00000000    
  0.710000038       0.00000000      0.100000009      0.125000000       0.00000000    
  0.713333368       0.00000000      0.100000009      0.125000000       0.00000000    
  0.716666698       0.00000000      0.100000009      0.125000000       0.00000000    
  0.720000029       0.00000000      0.100000009      0.125000000       0.00000000    
  0.723333359       0.00000000      0.100000009      0.125000000       0.00000000    
  0.726666689       0.00000000      0.100000009      0.125000000       0.00000000    
  0.730000019       0.00000000      0.100000009      0.125000000       0.00000000    
  0.733333349       0.00000000      0.100000009      0.125000000       0.00000000    
  0.736666679       0.00000000      0.100000009      0.125000000       0.00000000    
  0.740000010       0.00000000      0.100000009      0.125000000       0.00000000    
  0.743333340       0.00000000      0.100000009      0.125000000       0.00000000    
  0.746666670       0.00000000      0.100000009      0.125000000       0.00000000    
  0.750000000       0.00000000      0.100000009      0.125000000       0.00000000    
  0.753333330       0.00000000      0.100000009      0.125000000       0.00000000    
  0.756666660       0.00000000      0.100000009      0.125000000       0.00000000    
  0.759999990       0.00000000      0.100000009      0.125000000       0.00000000    
  0.763333380       0.00000000      0.100000009      0.125000000       0.00000000    
  0.766666710       0.00000000      0.100000009      0.125000000       0.00000000    
  0.770000041       0.00000000      0.100000009      0.125000000       0.00000000    
  0.773333371       0.00000000      0.100000009      0.125000000       0.00000000    
  0.776666701       0.00000000      0.100000009      0.125000000       0.00000000    
  0.780000031       0.00000000      0.100000009      0.125000000       0.00000000    
  0.783333361       0.00000000      0.100000009      0.125000000       0.00000000    
  0.786666691       0.00000000      0.100000009      0.125000000       0.00000000    
  0.790000021       0.00000000      0.100000009      0.125000000       0.00000000    
  0.793333352       0.00000000      0.100000009      0.125000000       0.00000000    
  0.796666682       0.00000000      0.100000009      0.125000000       0.00000000    
  0.800000012       0.00000000      0.100000009      0.125000000       0.00000000    
  0.803333342       0.00000000      0.100000009      0.125000000       0.00000000    
  0.806666672       0.00000000      0.100000009      0.125000000       0.00000000    
  0.810000002       0.00000000      0.100000009      0.125000000       0.00000000    
  0.813333333       0.00000000      0.100000009      0.125000000       0.00000000    
  0.816666663       0.00000000      0.100000009      0.125000000       0.00000000    
  0.819999993       0.00000000      0.100000009      0.125000000       0.00000000    
  0.823333383       0.00000000      0.100000009      0.125000000       0.00000000    
  0.826666713       0.00000000      0.100000009      0.125000000       0.00000000    
  0.830000043       0.00000000      0.100000009      0.125000000       0.00000000    
  0.833333373       0.00000000      0.100000009      0.125000000       0.00000000    
  0.836666703       0.00000000      0.100000009      0.125000000       0.00000000    
  0.840000033       0.00000000      0.100000009      0.125000000       0.00000000    
  0.843333364       0.00000000      0.100000009      0.125000000       0.00000000    
  0.846666694       0.00000000      0.100000009      0.125000000       0.00000000    
  0.850000024       0.00000000      0.100000009      0.125000000       0.00000000    
  0.853333354       0.00000000      0.100000009      0.125000000       0.00000000    
  0.856666684       0.00000000      0.100000009      0.125000000       0.00000000    
  0.860000014       0.00000000      0.100000009      0.125000000       0.00000000    
  0.863333344       0.00000000      0.100000009      0.125000000       0.00000000    
  0.866666675       0.00000000      0.100000009      0.125000000       0.00000000    
  0.870000005       0.00000000      0.100000009      0.125000000       0.00000000    
  0.873333335       0.00000000      0.100000009      0.125000000       0.00000000    
  0.876666665       0.00000000      0.100000009      0.125000000       0.00000000    
  0.879999995       0.00000000      0.100000009      0.125000000       0.00000000    
  0.883333325       0.00000000      0.100000009      0.125000000       0.00000000    
  0.886666715       0.00000000      0.100000009      0.125000000       0.00000000    
  0.890000045       0.00000000      0.100000009      0.125000000       0.00000000    
  0.893333375       0.00000000      0.100000009      0.125000000       0.00000000    
  0.896666706      -6.20662499E-09  0.100000009      0.125000000      -5.86470872E-09
  0.900000036       4.47168382E-08  0.100000009      0.125000000       4.22534363E-08
  0.903333366       1.57487193E-07  0.100000009      0.125000000       1.48811395E-07
  0.906666696       1.88631020E-07   9.99999940E-02  0.125000000       1.78239560E-07
  0.910000026       5.58644615E-08   9.99999940E-02  0.125000000       5.27869553E-08
  0.913333356      -1.00160449E-07  0.100000009      0.125000015      -9.46427292E-08
  0.916666687      -6.20677412E-08  0.100000009      0.125000015      -5.86485029E-08
  0.920000017       9.80426123E-08  0.100000031      0.125000015       9.26415495E-08
  0.923333347       1.04486986E-07   9.99999866E-02  0.125000000       9.87309221E-08
  0.926666677      -3.69276032E-09  0.100000009      0.125000015      -3.48933060E-09
  0.930000007       6.19885441E-08   9.99999940E-02  0.125000015       5.85736757E-08
  0.933333337       4.25073168E-08  0.100000009      0.125000015       4.01656415E-08
  0.936666667      -5.22952810E-08  0.100000009      0.125000015      -4.94143961E-08
  0.939999998       5.20942187E-08  0.100000009      0.125000015       4.92244112E-08
  0.943333328       1.91527377E-07   9.99999940E-02  0.125000000       1.80976372E-07
  0.946666718       6.10825595E-08  0.100000009      0.125000015       5.77175960E-08
  0.950000048       2.89251134E-09   9.99999940E-02  0.125000015       2.73316680E-09
  0.953333378       3.48192124E-08   9.99999940E-02  0.125000015       3.29010668E-08
  0.956666708       4.33093561E-08  0.100000009      0.125000015       4.09234957E-08
  0.960000038       5.86429927E-08  0.100000009      0.125000015       5.54124213E-08
  0.963333368      -5.03187927E-08  0.100000009      0.125000015      -4.75467914E-08
  0.966666698      -7.72610989E-08  0.100000009      0.125000015      -7.30048768E-08
  0.970000029       3.42033246E-08   9.99999940E-02  0.125000000       3.23191038E-08
  0.973333359      -5.22458343E-09   9.99999940E-02  0.125000000      -4.93676744E-09
  0.976666689       9.92095508E-08  0.100000009      0.125000000       9.37442053E-08
  0.980000019       1.05819588E-07   9.99999940E-02  0.125000000       9.99901175E-08
  0.983333349      -2.92706059E-09  0.100000009      0.125000015      -2.76581247E-09
  0.986666679      -5.54995445E-08  0.100000009      0.125000015      -5.24421431E-08
  0.990000010       5.02564923E-08  0.100000009      0.125000015       4.74879229E-08
  0.993333340      -4.39104006E-08  0.100000001      0.125000060      -4.14914396E-08
  0.996666670      -2.78556858E-08  0.100000009      0.125000045      -2.63211533E-08
   1.00000000       0.00000000      0.100000009      0.125000000       0.00000000    
