   3.33333341E-03   0.00000000       1.00000000       1.00000000       0.00000000    
   6.66666683E-03   1.00661994E-08  0.999999940       1.00000000       8.50749160E-09
   9.99999978E-03   7.20372597E-08  0.999999940       1.00000000       6.08825985E-08
   1.33333337E-02  -3.49815537E-08   1.00000012       1.00000012      -2.95648093E-08
   1.66666675E-02   5.11400806E-08   1.00000000       1.00000000       4.32212559E-08
   1.99999996E-02   2.62367603E-08   1.00000000       1.00000000       2.21741097E-08
   2.33333334E-02   2.53772403E-09   1.00000000       1.00000000       2.14476814E-09
   2.66666673E-02   0.00000000       1.00000000       1.00000000       0.00000000    
   3.00000012E-02   0.00000000       1.00000000       1.00000000       0.00000000    
   3.33333351E-02   0.00000000       1.00000000       1.00000000       0.00000000    
   3.66666690E-02   0.00000000       1.00000000       1.00000000       0.00000000    
   3.99999991E-02   0.00000000       1.00000000       1.00000000       0.00000000    
   4.33333330E-02   0.00000000       1.00000000       1.00000000       0.00000000    
   4.66666669E-02   0.00000000       1.00000000       1.00000000       0.00000000    
   5.00000007E-02   0.00000000       1.00000000       1.00000000       0.00000000    
   5.33333346E-02   0.00000000       1.00000000       1.00000000       0.00000000    
   5.66666685E-02   0.00000000       1.00000000       1.00000000       0.00000000    
   6.00000024E-02   0.00000000       1.00000000       1.00000000       0.00000000    
   6.33333325E-02   0.00000000       1.00000000       1.00000000       0.00000000    
   6.66666701E-02   0.00000000       1.00000000       1.00000000       0.00000000    
   7.00000003E-02   0.00000000       1.00000000       1.00000000       0.00000000    
   7.33333379E-02   0.00000000       1.00000000       1.00000000       0.00000000    
   7.66666681E-02   0.00000000       1.00000000       1.00000000       0.00000000    
   7.99999982E-02   0.00000000       1.00000000       1.00000000       0.00000000    
   8.33333358E-02   0.00000000       1.00000000       1.00000000       0.00000000    
   8.66666660E-02   0.00000000       1.00000000       1.00000000       0.00000000    
   9.00000036E-02   0.00000000       1.00000000       1.00000000       0.00000000    
   9.33333337E-02   0.00000000       1.00000000       1.00000000       0.00000000    
   9.66666713E-02   0.00000000       1.00000000       1.00000000       0.00000000    
  0.100000001       0.00000000       1.00000000       1.00000000       0.00000000    
  0.103333339       0.00000000       1.00000000       1.00000000       0.00000000    
  0.106666669       0.00000000       1.00000000       1.00000000       0.00000000    
  0.109999999       0.00000000       1.00000000       1.00000000       0.00000000    
  0.113333337       0.00000000       1.00000000       1.00000000       0.00000000    
  0.116666667       0.00000000       1.00000000       1.00000000       0.00000000    
  0.120000005       0.00000000       1.00000000       1.00000000       0.00000000    
  0.123333335       0.00000000       1.00000000       1.00000000       0.00000000    
  0.126666665       0.00000000       1.00000000       1.00000000       0.00000000    
  0.130000010       0.00000000       1.00000000       1.00000000       0.00000000    
  0.133333340       0.00000000       1.00000000       1.00000000       0.00000000    
  0.136666670       0.00000000       1.00000000       1.00000000       0.00000000    
  0.140000001       0.00000000       1.00000000       1.00000000       0.00000000    
  0.143333331       0.00000000       1.00000000       1.00000000       0.00000000    
  0.146666676       0.00000000       1.00000000       1.00000000       0.00000000    
  0.150000006       0.00000000       1.00000000       1.00000000       0.00000000    
  0.153333336       0.00000000       1.00000000       1.00000000       0.00000000    
  0.156666666       0.00000000       1.00000000       1.00000000       0.00000000    
  0.159999996       0.00000000       1.00000000       1.00000000       0.00000000    
  0.163333341       0.00000000       1.00000000       1.00000000       0.00000000    
  0.166666672       0.00000000       1.00000000       1.00000000       0.00000000    
  0.170000002       0.00000000       1.00000000       1.00000000       0.00000000    
  0.173333332       0.00000000       1.00000000       1.00000000       0.00000000    
  0.176666677       0.00000000       1.00000000       1.00000000       0.00000000    
  0.180000007       0.00000000       1.00000000       1.00000000       0.00000000    
  0.183333337       0.00000000       1.00000000       1.00000000       0.00000000    
  0.186666667       0.00000000       1.00000000       1.00000000       0.00000000    
  0.189999998       0.00000000       1.00000000       1.00000000       0.00000000    
  0.193333343       0.00000000       1.00000000       1.00000000       0.00000000    
  0.196666673       0.00000000       1.00000000       1.00000000       0.00000000    
  0.200000003       0.00000000       1.00000000       1.00000000       0.00000000    
  0.203333333       0.00000000       1.00000000       1.00000000       0.00000000    
  0.206666678       0.00000000       1.00000000       1.00000000       0.00000000    
  0.210000008       0.00000000       1.00000000       1.00000000       0.00000000    
  0.213333338       0.00000000       1.00000000       1.00000000       0.00000000    
  0.216666669       0.00000000       1.00000000       1.00000000       0.00000000    
  0.219999999       0.00000000       1.00000000       1.00000000       0.00000000    
  0.223333344       0.00000000       1.00000000       1.00000000       0.00000000    
  0.226666674       0.00000000       1.00000000       1.00000000       0.00000000    
  0.230000004       0.00000000       1.00000000       1.00000000       0.00000000    
  0.233333334       0.00000000       1.00000000       1.00000000       0.00000000    
  0.236666679       0.00000000       1.00000000       1.00000000       0.00000000    
  0.240000010       0.00000000       1.00000000       1.00000000       0.00000000    
  0.243333340       0.00000000       1.00000000       1.00000000       0.00000000    
  0.246666670       0.00000000       1.00000000       1.00000000       0.00000000    
  0.250000000       0.00000000       1.00000000       1.00000000       0.00000000    
  0.253333330       0.00000000       1.00000000       1.00000000       0.00000000    
  0.256666660       0.00000000       1.00000000       1.00000000       0.00000000    
  0.260000020       0.00000000       1.00000000       1.00000000       0.00000000    
  0.263333350       0.00000000       1.00000000       1.00000000       0.00000000    
  0.266666681       0.00000000       1.00000000       1.00000000       0.00000000    
  0.270000011       0.00000000       1.00000000       1.00000000       0.00000000    
  0.273333341       0.00000000       1.00000000       1.00000000       0.00000000    
  0.276666671       0.00000000       1.00000000       1.00000000       0.00000000    
  0.280000001       0.00000000       1.00000000       1.00000000       0.00000000    
  0.283333331       0.00000000       1.00000000       1.00000000       0.00000000    
  0.286666662       0.00000000       1.00000000       1.00000000       0.00000000    
  0.290000021       0.00000000       1.00000000       1.00000000       0.00000000    
  0.293333352       0.00000000       1.00000000       1.00000000       0.00000000    
  0.296666682       0.00000000       1.00000000       1.00000000       0.00000000    
  0.300000012       0.00000000       1.00000000       1.00000000       0.00000000    
  0.303333342       0.00000000       1.00000000       1.00000000       0.00000000    
  0.306666672       0.00000000       1.00000000       1.00000000       0.00000000    
  0.310000002       0.00000000       1.00000000       1.00000000       0.00000000    
  0.313333333       0.00000000       1.00000000       1.00000000       0.00000000    
  0.316666663       0.00000000       1.00000000       1.00000000       0.00000000    
  0.319999993       0.00000000       1.00000000       1.00000000       0.00000000    
  0.323333353       0.00000000       1.00000000       1.00000000       0.00000000    
  0.326666683       0.00000000       1.00000000       1.00000000       0.00000000    
  0.330000013       0.00000000       1.00000000       1.00000000       0.00000000    
  0.333333343       0.00000000       1.00000000       1.00000000       0.00000000    
  0.336666673       0.00000000       1.00000000       1.00000000       0.00000000    
  0.340000004       0.00000000       1.00000000       1.00000000       0.00000000    
  0.343333334       0.00000000       1.00000000       1.00000000       0.00000000    
  0.346666664       0.00000000       1.00000000       1.00000000       0.00000000    
  0.349999994       0.00000000       1.00000000       1.00000000       0.00000000    
  0.353333354       0.00000000       1.00000000       1.00000000       0.00000000    
  0.356666684       0.00000000       1.00000000       1.00000000       0.00000000    
  0.360000014       0.00000000       1.00000000       1.00000000       0.00000000    
  0.363333344       0.00000000       1.00000000       1.00000000       0.00000000    
  0.366666675       0.00000000       1.00000000       1.00000000       0.00000000    
  0.370000005       0.00000000       1.00000000       1.00000000       0.00000000    
  0.373333335       0.00000000       1.00000000       1.00000000       0.00000000    
  0.376666665       0.00000000       1.00000000       1.00000000       0.00000000    
  0.379999995       0.00000000       1.00000000       1.00000000       0.00000000    
  0.383333355       0.00000000       1.00000000       1.00000000       0.00000000    
  0.386666685       0.00000000       1.00000000       1.00000000       0.00000000    
  0.390000015       0.00000000       1.00000000       1.00000000       0.00000000    
  0.393333346       0.00000000       1.00000000       1.00000000       0.00000000    
  0.396666676       0.00000000       1.00000000       1.00000000       0.00000000    
  0.400000006       0.00000000       1.00000000       1.00000000       0.00000000    
  0.403333336       0.00000000       1.00000000       1.00000000       0.00000000    
  0.406666666       0.00000000       1.00000000       1.00000000       0.00000000    
  0.409999996       0.00000000       1.00000000       1.00000000       0.00000000    
  0.413333356       0.00000000       1.00000000       1.00000000       0.00000000    
  0.416666687       0.00000000       1.00000000       1.00000000       0.00000000    
  0.420000017       0.00000000       1.00000000       1.00000000       0.00000000    
  0.423333347       0.00000000       1.00000000       1.00000000       0.00000000    
  0.426666677       0.00000000       1.00000000       1.00000000       0.00000000    
  0.430000007       0.00000000       1.00000000       1.00000000       0.00000000    
  0.433333337       0.00000000       1.00000000       1.00000000       0.00000000    
  0.436666667       0.00000000       1.00000000       1.00000000       0.00000000    
  0.439999998       0.00000000       1.00000000       1.00000000       0.00000000    
  0.443333358       0.00000000       1.00000000       1.00000000       0.00000000    
  0.446666688       0.00000000       1.00000000       1.00000000       0.00000000    
  0.450000018       0.00000000       1.00000000       1.00000000       0.00000000    
  0.453333348       0.00000000       1.00000000       1.00000000       0.00000000    
  0.456666678       6.59782051E-09   1.00000000       1.00000000       5.57617597E-09
  0.460000008      -1.54650564E-07   1.00000024       1.00000012      -1.30703569E-07
  0.463333338      -3.62304888E-07   1.00000060       1.00000036      -3.06203475E-07
  0.466666669       5.50870027E-07  0.999999464      0.999999344       4.65570082E-07
  0.469999999       3.22203800E-06  0.999996185      0.999997377       2.72312082E-06
  0.473333359      -7.58302974E-07   1.00000095       1.00000107      -6.40883059E-07
  0.476666689      -2.02607680E-05   1.00002432       1.00001597      -1.71234024E-05
  0.480000019       3.18641614E-05  0.999962986      0.999967873       2.69301981E-05
  0.483333349       3.20249499E-04  0.999599814      0.999728978       2.70677730E-04
  0.486666679       2.34457944E-03  0.997324824      0.998091638       1.98229286E-03
  0.490000010       2.89652105E-02  0.965916514      0.975233734       2.45978534E-02
  0.493333340      0.149212942      0.839990497      0.887036026      0.129591316    
  0.496666670      0.336289793      0.662317634      0.737283289      0.299870461    
  0.500000000      0.669511199      0.432239026      0.538902819      0.631810844    
  0.503333330      0.822836876      0.349701524      0.451804966      0.790453792    
  0.506666660      0.901204646      0.318182141      0.369820207      0.821139276    
  0.509999990      0.920717061      0.309278160      0.308322787      0.776945174    
  0.513333321      0.732235253      0.242968068      0.227884173      0.599334240    
  0.516666651      0.203015730      0.128767461      0.143091455      0.180871218    
  0.520000041     -0.104489543       8.70123878E-02  0.114346743     -0.101234876    
  0.523333371      -1.33042606E-02   9.82657820E-02  0.123518646      -1.26064206E-02
  0.526666701      -5.13990934E-04   9.99314189E-02  0.124933071      -4.85712342E-04
  0.530000031       2.05940974E-04  0.100025505      0.125022784       1.94588851E-04
  0.533333361      -3.55101497E-06   9.99998748E-02  0.124999501      -3.35538903E-06
  0.536666691      -2.56600979E-05   9.99965668E-02  0.124997057      -2.42466449E-05
  0.540000021       7.41285760E-07  0.100000098      0.125000060       7.00448993E-07
  0.543333352       1.85091164E-06  0.100000247      0.125000194       1.74894637E-06
  0.546666682      -2.87206401E-08  0.100000009      0.125000000      -2.71384515E-08
  0.550000012      -2.40367768E-07   9.99999642E-02  0.124999978      -2.27126222E-07
  0.553333342      -1.36674148E-08  0.100000031      0.125000000      -1.29144908E-08
  0.556666672       4.15668069E-08  0.100000009      0.125000000       3.92769373E-08
  0.560000002       2.68962470E-08  0.100000009      0.125000000       2.54145629E-08
  0.563333333      -2.00404315E-08  0.100000009      0.125000000      -1.89364258E-08
  0.566666663      -1.84150721E-08  0.100000009      0.125000000      -1.74006054E-08
  0.569999993       0.00000000      0.100000009      0.125000000       0.00000000    
  0.573333323       0.00000000      0.100000009      0.125000000       0.00000000    
  0.576666653       0.00000000      0.100000009      0.125000000       0.00000000    
  0.580000043       0.00000000      0.100000009      0.125000000       0.00000000    
  0.583333373       0.00000000      0.100000009      0.125000000       0.00000000    
  0.586666703       0.00000000      0.100000009      0.125000000       0.00000000    
  0.590000033       0.00000000      0.100000009      0.125000000       0.00000000    
  0.593333364       0.00000000      0.100000009      0.125000000       0.00000000    
  0.596666694       0.00000000      0.100000009      0.125000000       0.00000000    
  0.600000024       0.00000000      0.100000009      0.125000000       0.00000000    
  0.603333354       0.00000000      0.100000009      0.125000000       0.00000000    
  0.606666684       0.00000000      0.100000009      0.125000000       0.00000000    
  0.610000014       0.00000000      0.100000009      0.125000000       0.00000000    
  0.613333344       0.00000000      0.100000009      0.125000000       0.00000000    
  0.616666675       0.00000000      0.100000009      0.125000000       0.00000000    
  0.620000005       0.00000000      0.100000009      0.125000000       0.00000000    
  0.623333335       0.00000000      0.100000009      0.125000000       0.00000000    
  0.626666665       0.00000000      0.100000009      0.125000000       0.00000000    
  0.629999995       0.00000000      0.100000009      0.125000000       0.00000000    
  0.633333325       0.00000000      0.100000009      0.125000000       0.00000000    
  0.636666656       0.00000000      0.100000009      0.125000000       0.00000000    
  0.639999986       0.00000000      0.100000009      0.125000000       0.00000000    
  0.643333375       0.00000000      0.100000009      0.125000000       0.00000000    
  0.646666706       0.00000000      0.100000009      0.125000000       0.00000000    
  0.650000036       0.00000000      0.100000009      0.125000000       0.00000000    
  0.653333366       0.00000000      0.100000009      0.125000000       0.00000000    
  0.656666696       0.00000000      0.100000009      0.125000000       0.00000000    
  0.660000026       0.00000000      0.100000009      0.125000000       0.00000000    
  0.663333356       0.00000000      0.100000009      0.125000000       0.00000000    
  0.666666687       0.00000000      0.100000009      0.125000000       0.00000000    
  0.670000017       0.00000000      0.100000009      0.125000000       0.00000000    
  0.673333347       0.00000000      0.100000009      0.125000000       0.00000000    
  0.676666677       0.00000000      0.100000009      0.125000000       0.00000000    
  0.680000007       0.00000000      0.100000009      0.125000000       0.00000000    
  0.683333337       0.00000000      0.100000009      0.125000000       0.00000000    
  0.686666667       0.00000000      0.100000009      0.125000000       0.00000000    
  0.689999998       0.00000000      0.100000009      0.125000000       0.00000000    
  0.693333328       0.00000000      0.100000009      0.125000000       0.00000000    
  0.696666658       0.00000000      0.100000009      0.125000000       0.00000000    
  0.699999988       0.00000000      0.100000009      0.125000000       0.00000000    
  0.703333378       0.00000000      0.100000009      0.125000000       0.00000000    
  0.706666708       0.00000000      0.100000009      0.125000000       0.00000000    
  0.710000038       0.00000000      0.100000009      0.125000000       0.00000000    
  0.713333368       0.00000000      0.100000009      0.125000000       0.00000000    
  0.716666698       0.00000000      0.100000009      0.125000000       0.00000000    
  0.720000029       0.00000000      0.100000009      0.125000000       0.00000000    
  0.723333359       0.00000000      0.100000009      0.125000000       0.00000000    
  0.726666689       0.00000000      0.100000009      0.125000000       0.00000000    
  0.730000019       0.00000000      0.100000009      0.125000000       0.00000000    
  0.733333349       0.00000000      0.100000009      0.125000000       0.00000000    
  0.736666679       0.00000000      0.100000009      0.125000000       0.00000000    
  0.740000010       0.00000000      0.100000009      0.125000000       0.00000000    
  0.743333340       0.00000000      0.100000009      0.125000000       0.00000000    
  0.746666670       0.00000000      0.100000009      0.125000000       0.00000000    
  0.750000000       0.00000000      0.100000009      0.125000000       0.00000000    
  0.753333330       0.00000000      0.100000009      0.125000000       0.00000000    
  0.756666660       0.00000000      0.100000009      0.125000000       0.00000000    
  0.759999990       0.00000000      0.100000009      0.125000000       0.00000000    
  0.763333380       0.00000000      0.100000009      0.125000000       0.00000000    
  0.766666710       0.00000000      0.100000009      0.125000000       0.00000000    
  0.770000041       0.00000000      0.100000009      0.125000000       0.00000000    
  0.773333371       0.00000000      0.100000009      0.125000000       0.00000000    
  0.776666701       0.00000000      0.100000009      0.125000000       0.00000000    
  0.780000031       0.00000000      0.100000009      0.125000000       0.00000000    
  0.783333361       0.00000000      0.100000009      0.125000000       0.00000000    
  0.786666691       0.00000000      0.100000009      0.125000000       0.00000000    
  0.790000021       0.00000000      0.100000009      0.125000000       0.00000000    
  0.793333352       0.00000000      0.100000009      0.125000000       0.00000000    
  0.796666682       0.00000000      0.100000009      0.125000000       0.00000000    
  0.800000012       0.00000000      0.100000009      0.125000000       0.00000000    
  0.803333342       0.00000000      0.100000009      0.125000000       0.00000000    
  0.806666672       0.00000000      0.100000009      0.125000000       0.00000000    
  0.810000002       0.00000000      0.100000009      0.125000000       0.00000000    
  0.813333333       0.00000000      0.100000009      0.125000000       0.00000000    
  0.816666663       0.00000000      0.100000009      0.125000000       0.00000000    
  0.819999993       0.00000000      0.100000009      0.125000000       0.00000000    
  0.823333383       0.00000000      0.100000009      0.125000000       0.00000000    
  0.826666713       0.00000000      0.100000009      0.125000000       0.00000000    
  0.830000043       0.00000000      0.100000009      0.125000000       0.00000000    
  0.833333373       0.00000000      0.100000009      0.125000000       0.00000000    
  0.836666703       0.00000000      0.100000009      0.125000000       0.00000000    
  0.840000033       0.00000000      0.100000009      0.125000000       0.00000000    
  0.843333364       0.00000000      0.100000009      0.125000000       0.00000000    
  0.846666694       0.00000000      0.100000009      0.125000000       0.00000000    
  0.850000024       0.00000000      0.100000009      0.125000000       0.00000000    
  0.853333354       0.00000000      0.100000009      0.125000000       0.00000000    
  0.856666684       0.00000000      0.100000009      0.125000000       0.00000000    
  0.860000014       0.00000000      0.100000009      0.125000000       0.00000000    
  0.863333344       0.00000000      0.100000009      0.125000000       0.00000000    
  0.866666675       0.00000000      0.100000009      0.125000000       0.00000000    
  0.870000005       0.00000000      0.100000009      0.125000000       0.00000000    
  0.873333335       0.00000000      0.100000009      0.125000000       0.00000000    
  0.876666665       0.00000000      0.100000009      0.125000000       0.00000000    
  0.879999995       0.00000000      0.100000009      0.125000000       0.00000000    
  0.883333325       0.00000000      0.100000009      0.125000000       0.00000000    
  0.886666715       0.00000000      0.100000009      0.125000000       0.00000000    
  0.890000045       0.00000000      0.100000009      0.125000000       0.00000000    
  0.893333375       0.00000000      0.100000009      0.125000000       0.00000000    
  0.896666706       0.00000000      0.100000009      0.125000000       0.00000000    
  0.900000036       0.00000000      0.100000009      0.125000000       0.00000000    
  0.903333366       0.00000000      0.100000009      0.125000000       0.00000000    
  0.906666696       0.00000000      0.100000009      0.125000000       0.00000000    
  0.910000026       0.00000000      0.100000009      0.125000000       0.00000000    
  0.913333356       0.00000000      0.100000009      0.125000000       0.00000000    
  0.916666687       0.00000000      0.100000009      0.125000000       0.00000000    
  0.920000017       0.00000000      0.100000009      0.125000000       0.00000000    
  0.923333347       0.00000000      0.100000009      0.125000000       0.00000000    
  0.926666677       0.00000000      0.100000009      0.125000000       0.00000000    
  0.930000007       0.00000000      0.100000009      0.125000000       0.00000000    
  0.933333337       0.00000000      0.100000009      0.125000000       0.00000000    
  0.936666667       0.00000000      0.100000009      0.125000000       0.00000000    
  0.939999998       0.00000000      0.100000009      0.125000000       0.00000000    
  0.943333328       0.00000000      0.100000009      0.125000000       0.00000000    
  0.946666718       0.00000000      0.100000009      0.125000000       0.00000000    
  0.950000048       0.00000000      0.100000009      0.125000000       0.00000000    
  0.953333378       0.00000000      0.100000009      0.125000000       0.00000000    
  0.956666708       0.00000000      0.100000009      0.125000000       0.00000000    
  0.960000038       0.00000000      0.100000009      0.125000000       0.00000000    
  0.963333368       0.00000000      0.100000009      0.125000000       0.00000000    
  0.966666698       0.00000000      0.100000009      0.125000000       0.00000000    
  0.970000029       0.00000000      0.100000009      0.125000000       0.00000000    
  0.973333359       1.19622596E-08  0.100000009      0.125000000       1.13032721E-08
  0.976666689      -2.40175222E-08  0.100000009      0.125000000      -2.26944241E-08
  0.980000019      -6.63881083E-09  0.100000009      0.125000000      -6.27308605E-09
  0.983333349       3.59465631E-08  0.100000009      0.125000000       3.39663053E-08
  0.986666679       7.10266264E-08  0.100000009      0.125000000       6.71138451E-08
  0.990000010       3.57209053E-08   9.99999940E-02  0.125000000       3.37530821E-08
  0.993333340       1.87599869E-09  0.100000009      0.125000000       1.77265203E-09
  0.996666670       4.33936798E-08  0.100000009      0.125000000       4.10031689E-08
   1.00000000       0.00000000      0.100000009      0.125000000       0.00000000    
