   3.33333341E-03   0.00000000       1.00000000       1.00000000       0.00000000    
   6.66666683E-03   1.27513800E-07   1.00000000       1.00000000       1.07768827E-07
   9.99999978E-03   3.43349278E-08   1.00000000       1.00000000       2.90183095E-08
   1.33333337E-02   3.66031756E-08  0.999999940       1.00000000       3.09353325E-08
   1.66666675E-02  -1.16431828E-07   1.00000000       1.00000000      -9.84028503E-08
   1.99999996E-02  -3.31311050E-08  0.999999821       1.00000000      -2.80008958E-08
   2.33333334E-02   7.73474937E-08  0.999999940       1.00000000       6.53705712E-08
   2.66666673E-02   3.48628193E-09   1.00000024       1.00000012       2.94644575E-09
   3.00000012E-02   7.83498777E-08   1.00000000       1.00000000       6.62177300E-08
   3.33333351E-02  -7.51845235E-08   1.00000000       1.00000000      -6.35425224E-08
   3.66666690E-02  -4.89274932E-08   1.00000000       1.00000012      -4.13512815E-08
   3.99999991E-02   5.53893962E-08   1.00000000       1.00000000       4.68125840E-08
   4.33333330E-02  -2.62655786E-09   1.00000000       1.00000000      -2.21984653E-09
   4.66666669E-02  -2.34869066E-08   1.00000000       1.00000000      -1.98500594E-08
   5.00000007E-02   4.97564479E-09   1.00000000       1.00000000       4.20518731E-09
   5.33333346E-02  -4.97564479E-09   1.00000000       1.00000000      -4.20518731E-09
   5.66666685E-02   0.00000000       1.00000000       1.00000000       0.00000000    
   6.00000024E-02   0.00000000       1.00000000       1.00000000       0.00000000    
   6.33333325E-02   0.00000000       1.00000000       1.00000000       0.00000000    
   6.66666701E-02   0.00000000       1.00000000       1.00000000       0.00000000    
   7.00000003E-02   0.00000000       1.00000000       1.00000000       0.00000000    
   7.33333379E-02   0.00000000       1.00000000       1.00000000       0.00000000    
   7.66666681E-02   0.00000000       1.00000000       1.00000000       0.00000000    
   7.99999982E-02   0.00000000       1.00000000       1.00000000       0.00000000    
   8.33333358E-02   0.00000000       1.00000000       1.00000000       0.00000000    
   8.66666660E-02   0.00000000       1.00000000       1.00000000       0.00000000    
   9.00000036E-02   0.00000000       1.00000000       1.00000000       0.00000000    
   9.33333337E-02   0.00000000       1.00000000       1.00000000       0.00000000    
   9.66666713E-02   0.00000000       1.00000000       1.00000000       0.00000000    
  0.100000001       0.00000000       1.00000000       1.00000000       0.00000000    
  0.103333339       0.00000000       1.00000000       1.00000000       0.00000000    
  0.106666669       0.00000000       1.00000000       1.00000000       0.00000000    
  0.109999999       0.00000000       1.00000000       1.00000000       0.00000000    
  0.113333337       0.00000000       1.00000000       1.00000000       0.00000000    
  0.116666667       0.00000000       1.00000000       1.00000000       0.00000000    
  0.120000005       0.00000000       1.00000000       1.00000000       0.00000000    
  0.123333335       0.00000000       1.00000000       1.00000000       0.00000000    
  0.126666665       0.00000000       1.00000000       1.00000000       0.00000000    
  0.130000010       0.00000000       1.00000000       1.00000000       0.00000000    
  0.133333340       0.00000000       1.00000000       1.00000000       0.00000000    
  0.136666670       0.00000000       1.00000000       1.00000000       0.00000000    
  0.140000001       0.00000000       1.00000000       1.00000000       0.00000000    
  0.143333331       0.00000000       1.00000000       1.00000000       0.00000000    
  0.146666676       0.00000000       1.00000000       1.00000000       0.00000000    
  0.150000006       0.00000000       1.00000000       1.00000000       0.00000000    
  0.153333336       0.00000000       1.00000000       1.00000000       0.00000000    
  0.156666666       0.00000000       1.00000000       1.00000000       0.00000000    
  0.159999996       0.00000000       1.00000000       1.00000000       0.00000000    
  0.163333341       0.00000000       1.00000000       1.00000000       0.00000000    
  0.166666672       0.00000000       1.00000000       1.00000000       0.00000000    
  0.170000002       0.00000000       1.00000000       1.00000000       0.00000000    
  0.173333332       0.00000000       1.00000000       1.00000000       0.00000000    
  0.176666677       0.00000000       1.00000000       1.00000000       0.00000000    
  0.180000007       0.00000000       1.00000000       1.00000000       0.00000000    
  0.183333337       0.00000000       1.00000000       1.00000000       0.00000000    
  0.186666667       0.00000000       1.00000000       1.00000000       0.00000000    
  0.189999998       0.00000000       1.00000000       1.00000000       0.00000000    
  0.193333343       0.00000000       1.00000000       1.00000000       0.00000000    
  0.196666673       0.00000000       1.00000000       1.00000000       0.00000000    
  0.200000003       0.00000000       1.00000000       1.00000000       0.00000000    
  0.203333333       0.00000000       1.00000000       1.00000000       0.00000000    
  0.206666678       0.00000000       1.00000000       1.00000000       0.00000000    
  0.210000008       0.00000000       1.00000000       1.00000000       0.00000000    
  0.213333338       0.00000000       1.00000000       1.00000000       0.00000000    
  0.216666669       0.00000000       1.00000000       1.00000000       0.00000000    
  0.219999999       0.00000000       1.00000000       1.00000000       0.00000000    
  0.223333344       0.00000000       1.00000000       1.00000000       0.00000000    
  0.226666674       0.00000000       1.00000000       1.00000000       0.00000000    
  0.230000004       0.00000000       1.00000000       1.00000000       0.00000000    
  0.233333334       0.00000000       1.00000000       1.00000000       0.00000000    
  0.236666679       0.00000000       1.00000000       1.00000000       0.00000000    
  0.240000010       0.00000000       1.00000000       1.00000000       0.00000000    
  0.243333340       0.00000000       1.00000000       1.00000000       0.00000000    
  0.246666670       0.00000000       1.00000000       1.00000000       0.00000000    
  0.250000000       0.00000000       1.00000000       1.00000000       0.00000000    
  0.253333330       0.00000000       1.00000000       1.00000000       0.00000000    
  0.256666660       0.00000000       1.00000000       1.00000000       0.00000000    
  0.260000020       0.00000000       1.00000000       1.00000000       0.00000000    
  0.263333350       0.00000000       1.00000000       1.00000000       0.00000000    
  0.266666681       0.00000000       1.00000000       1.00000000       0.00000000    
  0.270000011       0.00000000       1.00000000       1.00000000       0.00000000    
  0.273333341       0.00000000       1.00000000       1.00000000       0.00000000    
  0.276666671       0.00000000       1.00000000       1.00000000       0.00000000    
  0.280000001       0.00000000       1.00000000       1.00000000       0.00000000    
  0.283333331       0.00000000       1.00000000       1.00000000       0.00000000    
  0.286666662       0.00000000       1.00000000       1.00000000       0.00000000    
  0.290000021       0.00000000       1.00000000       1.00000000       0.00000000    
  0.293333352       0.00000000       1.00000000       1.00000000       0.00000000    
  0.296666682       0.00000000       1.00000000       1.00000000       0.00000000    
  0.300000012       0.00000000       1.00000000       1.00000000       0.00000000    
  0.303333342       0.00000000       1.00000000       1.00000000       0.00000000    
  0.306666672       0.00000000       1.00000000       1.00000000       0.00000000    
  0.310000002       0.00000000       1.00000000       1.00000000       0.00000000    
  0.313333333       0.00000000       1.00000000       1.00000000       0.00000000    
  0.316666663       0.00000000       1.00000000       1.00000000       0.00000000    
  0.319999993       0.00000000       1.00000000       1.00000000       0.00000000    
  0.323333353       0.00000000       1.00000000       1.00000000       0.00000000    
  0.326666683       0.00000000       1.00000000       1.00000000       0.00000000    
  0.330000013       0.00000000       1.00000000       1.00000000       0.00000000    
  0.333333343       0.00000000       1.00000000       1.00000000       0.00000000    
  0.336666673       0.00000000       1.00000000       1.00000000       0.00000000    
  0.340000004       0.00000000       1.00000000       1.00000000       0.00000000    
  0.343333334       0.00000000       1.00000000       1.00000000       0.00000000    
  0.346666664       0.00000000       1.00000000       1.00000000       0.00000000    
  0.349999994       0.00000000       1.00000000       1.00000000       0.00000000    
  0.353333354       0.00000000       1.00000000       1.00000000       0.00000000    
  0.356666684       0.00000000       1.00000000       1.00000000       0.00000000    
  0.360000014       0.00000000       1.00000000       1.00000000       0.00000000    
  0.363333344       0.00000000       1.00000000       1.00000000       0.00000000    
  0.366666675       0.00000000       1.00000000       1.00000000       0.00000000    
  0.370000005       0.00000000       1.00000000       1.00000000       0.00000000    
  0.373333335       0.00000000       1.00000000       1.00000000       0.00000000    
  0.376666665       0.00000000       1.00000000       1.00000000       0.00000000    
  0.379999995       0.00000000       1.00000000       1.00000000       0.00000000    
  0.383333355       0.00000000       1.00000000       1.00000000       0.00000000    
  0.386666685       0.00000000       1.00000000       1.00000000       0.00000000    
  0.390000015       0.00000000       1.00000000       1.00000000       0.00000000    
  0.393333346       0.00000000       1.00000000       1.00000000       0.00000000    
  0.396666676       0.00000000       1.00000000       1.00000000       0.00000000    
  0.400000006       0.00000000       1.00000000       1.00000000       0.00000000    
  0.403333336       0.00000000       1.00000000       1.00000000       0.00000000    
  0.406666666       0.00000000       1.00000000       1.00000000       0.00000000    
  0.409999996       0.00000000       1.00000000       1.00000000       0.00000000    
  0.413333356       0.00000000       1.00000000       1.00000000       0.00000000    
  0.416666687       0.00000000       1.00000000       1.00000000       0.00000000    
  0.420000017       0.00000000       1.00000000       1.00000000       0.00000000    
  0.423333347       0.00000000       1.00000000       1.00000000       0.00000000    
  0.426666677       0.00000000       1.00000000       1.00000000       0.00000000    
  0.430000007       0.00000000       1.00000000       1.00000000       0.00000000    
  0.433333337       0.00000000       1.00000000       1.00000000       0.00000000    
  0.436666667       1.98505550E-08   1.00000000       1.00000000       1.67767809E-08
  0.439999998       6.30606101E-09   1.00000000       1.00000000       5.32959410E-09
  0.443333358       1.30754060E-07  0.999999940       1.00000000       1.10507358E-07
  0.446666688      -3.26972497E-07   1.00000060       1.00000048      -2.76342206E-07
  0.450000018      -9.17099101E-07   1.00000107       1.00000095      -7.75090143E-07
  0.453333348       9.26730934E-07  0.999999106      0.999999344       7.83230632E-07
  0.456666678       4.33396008E-06  0.999995112      0.999996603       3.66286736E-06
  0.460000008       2.07695550E-07  0.999999583      0.999999583       1.75534780E-07
  0.463333338      -1.42891586E-05   1.00001693       1.00001216      -1.20765153E-05
  0.466666669      -1.42544322E-05   1.00001717       1.00001180      -1.20471623E-05
  0.469999999       8.39259446E-05  0.999901175      0.999923646       7.09311716E-05
  0.473333359       2.06975747E-04  0.999739349      0.999823511       1.74933797E-04
  0.476666689      -1.58187421E-03   1.00194621       1.00140774      -1.33656838E-03
  0.480000019       2.80363057E-02  0.967178285      0.976159394       2.38047652E-02
  0.483333349      0.104940690      0.882227480      0.914050043       9.02764723E-02
  0.486666679      0.205176488      0.780920148      0.838307679      0.179664388    
  0.490000010      0.327381581      0.671569586      0.757907212      0.293935955    
  0.493333340      0.484117895      0.552762866      0.658149779      0.446457416    
  0.496666670      0.676000416      0.431863040      0.546009362      0.642406523    
  0.500000000      0.813588440      0.356511056      0.472728521      0.791790187    
  0.503333330      0.867761254      0.329314083      0.447508961      0.854932666    
  0.506666660      0.902541816      0.313797086      0.435176998      0.898280203    
  0.509999990      0.922384143      0.305923253      0.418581486      0.911867142    
  0.513333321      0.930724025      0.302920640      0.370671004      0.870135307    
  0.516666651      0.933003068      0.302211881      0.320316344      0.811807036    
  0.520000041      0.933725238      0.302466720      0.276913166      0.755071521    
  0.523333371      0.936335981      0.303396314      0.264288336      0.738586843    
  0.526666701      0.860484838      0.278778255      0.245428458      0.682357907    
  0.530000031      0.479330093      0.183674142      0.187074944      0.408841014    
  0.533333361      -2.87568178E-02   9.67241153E-02  0.121138602      -2.71988586E-02
  0.536666691      -1.22114513E-02   9.83807147E-02  0.123538576      -1.15651060E-02
  0.540000021      -1.21346046E-03   9.98403355E-02  0.124854930      -1.14686275E-03
  0.543333352       1.77535767E-04  0.100023970      0.125019863       1.67748745E-04
  0.546666682       6.70123045E-05  0.100008734      0.125009164       6.33202362E-05
  0.550000012      -5.18192610E-05   9.99931768E-02  0.124993809      -4.89650592E-05
  0.553333342      -1.75103251E-05   9.99976918E-02  0.124997847      -1.65457514E-05
  0.556666672       6.55542271E-06  0.100000836      0.125000775       6.19428556E-06
  0.560000002       2.88856381E-06  0.100000374      0.125000343       2.72943475E-06
  0.563333333      -1.04907065E-06   9.99998599E-02  0.124999903      -9.91278966E-07
  0.566666663      -4.91809431E-07   9.99999270E-02  0.124999970      -4.64716351E-07
  0.569999993       1.24833193E-07  0.100000009      0.125000015       1.17956283E-07
  0.573333323       2.44624339E-08  0.100000031      0.125000015       2.31148256E-08
  0.576666653      -1.19295592E-07   9.99999940E-02  0.125000000      -1.12723740E-07
  0.580000043      -3.53288634E-08   9.99999940E-02  0.125000015      -3.33826442E-08
  0.583333373       4.59450256E-11  0.100000009      0.125000000       4.34139634E-11
  0.586666703      -1.23956889E-09  0.100000009      0.125000000      -1.17128240E-09
  0.590000033       0.00000000      0.100000009      0.125000000       0.00000000    
  0.593333364       0.00000000      0.100000009      0.125000000       0.00000000    
  0.596666694       0.00000000      0.100000009      0.125000000       0.00000000    
  0.600000024       0.00000000      0.100000009      0.125000000       0.00000000    
  0.603333354       0.00000000      0.100000009      0.125000000       0.00000000    
  0.606666684       0.00000000      0.100000009      0.125000000       0.00000000    
  0.610000014       0.00000000      0.100000009      0.125000000       0.00000000    
  0.613333344       0.00000000      0.100000009      0.125000000       0.00000000    
  0.616666675       0.00000000      0.100000009      0.125000000       0.00000000    
  0.620000005       0.00000000      0.100000009      0.125000000       0.00000000    
  0.623333335       0.00000000      0.100000009      0.125000000       0.00000000    
  0.626666665       0.00000000      0.100000009      0.125000000       0.00000000    
  0.629999995       0.00000000      0.100000009      0.125000000       0.00000000    
  0.633333325       0.00000000      0.100000009      0.125000000       0.00000000    
  0.636666656       0.00000000      0.100000009      0.125000000       0.00000000    
  0.639999986       0.00000000      0.100000009      0.125000000       0.00000000    
  0.643333375       0.00000000      0.100000009      0.125000000       0.00000000    
  0.646666706       0.00000000      0.100000009      0.125000000       0.00000000    
  0.650000036       0.00000000      0.100000009      0.125000000       0.00000000    
  0.653333366       0.00000000      0.100000009      0.125000000       0.00000000    
  0.656666696       0.00000000      0.100000009      0.125000000       0.00000000    
  0.660000026       0.00000000      0.100000009      0.125000000       0.00000000    
  0.663333356       0.00000000      0.100000009      0.125000000       0.00000000    
  0.666666687       0.00000000      0.100000009      0.125000000       0.00000000    
  0.670000017       0.00000000      0.100000009      0.125000000       0.00000000    
  0.673333347       0.00000000      0.100000009      0.125000000       0.00000000    
  0.676666677       0.00000000      0.100000009      0.125000000       0.00000000    
  0.680000007       0.00000000      0.100000009      0.125000000       0.00000000    
  0.683333337       0.00000000      0.100000009      0.125000000       0.00000000    
  0.686666667       0.00000000      0.100000009      0.125000000       0.00000000    
  0.689999998       0.00000000      0.100000009      0.125000000       0.00000000    
  0.693333328       0.00000000      0.100000009      0.125000000       0.00000000    
  0.696666658       0.00000000      0.100000009      0.125000000       0.00000000    
  0.699999988       0.00000000      0.100000009      0.125000000       0.00000000    
  0.703333378       0.00000000      0.100000009      0.125000000       0.00000000    
  0.706666708       0.00000000      0.100000009      0.125000000       0.00000000    
  0.710000038       0.00000000      0.100000009      0.125000000       0.00000000    
  0.713333368       0.00000000      0.100000009      0.125000000       0.00000000    
  0.716666698       0.00000000      0.100000009      0.125000000       0.00000000    
  0.720000029       0.00000000      0.100000009      0.125000000       0.00000000    
  0.723333359       0.00000000      0.100000009      0.125000000       0.00000000    
  0.726666689       0.00000000      0.100000009      0.125000000       0.00000000    
  0.730000019       0.00000000      0.100000009      0.125000000       0.00000000    
  0.733333349       0.00000000      0.100000009      0.125000000       0.00000000    
  0.736666679       0.00000000      0.100000009      0.125000000       0.00000000    
  0.740000010       0.00000000      0.100000009      0.125000000       0.00000000    
  0.743333340       0.00000000      0.100000009      0.125000000       0.00000000    
  0.746666670       0.00000000      0.100000009      0.125000000       0.00000000    
  0.750000000       0.00000000      0.100000009      0.125000000       0.00000000    
  0.753333330       0.00000000      0.100000009      0.125000000       0.00000000    
  0.756666660       0.00000000      0.100000009      0.125000000       0.00000000    
  0.759999990       0.00000000      0.100000009      0.125000000       0.00000000    
  0.763333380       0.00000000      0.100000009      0.125000000       0.00000000    
  0.766666710       0.00000000      0.100000009      0.125000000       0.00000000    
  0.770000041       0.00000000      0.100000009      0.125000000       0.00000000    
  0.773333371       0.00000000      0.100000009      0.125000000       0.00000000    
  0.776666701       0.00000000      0.100000009      0.125000000       0.00000000    
  0.780000031       0.00000000      0.100000009      0.125000000       0.00000000    
  0.783333361       0.00000000      0.100000009      0.125000000       0.00000000    
  0.786666691       0.00000000      0.100000009      0.125000000       0.00000000    
  0.790000021       0.00000000      0.100000009      0.125000000       0.00000000    
  0.793333352       0.00000000      0.100000009      0.125000000       0.00000000    
  0.796666682       0.00000000      0.100000009      0.125000000       0.00000000    
  0.800000012       0.00000000      0.100000009      0.125000000       0.00000000    
  0.803333342       0.00000000      0.100000009      0.125000000       0.00000000    
  0.806666672       0.00000000      0.100000009      0.125000000       0.00000000    
  0.810000002       0.00000000      0.100000009      0.125000000       0.00000000    
  0.813333333       0.00000000      0.100000009      0.125000000       0.00000000    
  0.816666663       0.00000000      0.100000009      0.125000000       0.00000000    
  0.819999993       0.00000000      0.100000009      0.125000000       0.00000000    
  0.823333383       0.00000000      0.100000009      0.125000000       0.00000000    
  0.826666713       0.00000000      0.100000009      0.125000000       0.00000000    
  0.830000043       0.00000000      0.100000009      0.125000000       0.00000000    
  0.833333373       0.00000000      0.100000009      0.125000000       0.00000000    
  0.836666703       0.00000000      0.100000009      0.125000000       0.00000000    
  0.840000033       0.00000000      0.100000009      0.125000000       0.00000000    
  0.843333364       0.00000000      0.100000009      0.125000000       0.00000000    
  0.846666694       0.00000000      0.100000009      0.125000000       0.00000000    
  0.850000024       0.00000000      0.100000009      0.125000000       0.00000000    
  0.853333354       0.00000000      0.100000009      0.125000000       0.00000000    
  0.856666684       0.00000000      0.100000009      0.125000000       0.00000000    
  0.860000014       0.00000000      0.100000009      0.125000000       0.00000000    
  0.863333344       0.00000000      0.100000009      0.125000000       0.00000000    
  0.866666675       0.00000000      0.100000009      0.125000000       0.00000000    
  0.870000005       0.00000000      0.100000009      0.125000000       0.00000000    
  0.873333335       0.00000000      0.100000009      0.125000000       0.00000000    
  0.876666665       0.00000000      0.100000009      0.125000000       0.00000000    
  0.879999995       0.00000000      0.100000009      0.125000000       0.00000000    
  0.883333325       0.00000000      0.100000009      0.125000000       0.00000000    
  0.886666715       0.00000000      0.100000009      0.125000000       0.00000000    
  0.890000045       0.00000000      0.100000009      0.125000000       0.00000000    
  0.893333375       0.00000000      0.100000009      0.125000000       0.00000000    
  0.896666706       0.00000000      0.100000009      0.125000000       0.00000000    
  0.900000036       0.00000000      0.100000009      0.125000000       0.00000000    
  0.903333366       0.00000000      0.100000009      0.125000000       0.00000000    
  0.906666696       0.00000000      0.100000009      0.125000000       0.00000000    
  0.910000026       0.00000000      0.100000009      0.125000000       0.00000000    
  0.913333356       0.00000000      0.100000009      0.125000000       0.00000000    
  0.916666687       0.00000000      0.100000009      0.125000000       0.00000000    
  0.920000017       0.00000000      0.100000009      0.125000000       0.00000000    
  0.923333347       0.00000000      0.100000009      0.125000000       0.00000000    
  0.926666677       0.00000000      0.100000009      0.125000000       0.00000000    
  0.930000007       0.00000000      0.100000009      0.125000000       0.00000000    
  0.933333337       0.00000000      0.100000009      0.125000000       0.00000000    
  0.936666667       0.00000000      0.100000009      0.125000000       0.00000000    
  0.939999998       0.00000000      0.100000009      0.125000000       0.00000000    
  0.943333328       3.72736375E-09  0.100000009      0.125000000       3.52202734E-09
  0.946666718      -1.73280199E-08  0.100000009      0.125000000      -1.63734377E-08
  0.950000048       5.54989974E-08  0.100000009      0.125000000       5.24416173E-08
  0.953333378       6.60177690E-08   9.99999940E-02  0.125000000       6.23809271E-08
  0.956666708       8.26070377E-08  0.100000009      0.125000000       7.80563099E-08
  0.960000038       3.63440904E-08  0.100000009      0.125000015       3.43419373E-08
  0.963333368      -3.98562747E-08  0.100000009      0.125000000      -3.76606373E-08
  0.966666698      -9.23569576E-09   9.99999940E-02  0.125000000      -8.72691253E-09
  0.970000029      -6.57066508E-08  0.100000009      0.125000000      -6.20869471E-08
  0.973333359      -6.61497523E-08  0.100000009      0.125000015      -6.25056416E-08
  0.976666689       6.34516084E-09  0.100000009      0.125000000       5.99561290E-09
  0.980000019       3.86344681E-08   9.99999940E-02  0.125000000       3.65061403E-08
  0.983333349       3.93049717E-08   9.99999940E-02  0.125000000       3.71397100E-08
  0.986666679       7.28548173E-08  0.100000031      0.125000015       6.88413238E-08
  0.990000010       1.85992164E-07  0.100000009      0.125000015       1.75746081E-07
  0.993333340       1.35665829E-07   9.99999940E-02  0.125000015       1.28192170E-07
  0.996666670       1.79093984E-08   9.99999940E-02  0.125000000       1.69227921E-08
   1.00000000       0.00000000      0.100000009      0.125000000       0.00000000    
