   3.33333341E-03   0.00000000       1.00000000       1.00000000       0.00000000    
   6.66666683E-03   7.41383417E-08   1.00000000       1.00000000       6.26583372E-08
   9.99999978E-03   3.42829019E-08   1.00000000       1.00000000       2.89743394E-08
   1.33333337E-02  -5.49411794E-10  0.999999940       1.00000000      -4.64337763E-10
   1.66666675E-02  -9.01449440E-08  0.999999940       1.00000000      -7.61863888E-08
   1.99999996E-02  -1.09401332E-08   1.00000012       1.00000012      -9.24609989E-09
   2.33333334E-02   1.19337003E-07   1.00000000       1.00000000       1.00858173E-07
   2.66666673E-02   2.95563876E-08   1.00000012       1.00000012       2.49797054E-08
   3.00000012E-02  -3.57431098E-08   1.00000000       1.00000000      -3.02084402E-08
   3.33333351E-02  -4.52959767E-08  0.999999940       1.00000000      -3.82820922E-08
   3.66666690E-02   5.61383029E-09   1.00000012       1.00000012       4.74455231E-09
   3.99999991E-02   9.51208889E-09   1.00000000       1.00000000       8.03918265E-09
   4.33333330E-02   0.00000000       1.00000000       1.00000000       0.00000000    
   4.66666669E-02   0.00000000       1.00000000       1.00000000       0.00000000    
   5.00000007E-02   0.00000000       1.00000000       1.00000000       0.00000000    
   5.33333346E-02   0.00000000       1.00000000       1.00000000       0.00000000    
   5.66666685E-02   0.00000000       1.00000000       1.00000000       0.00000000    
   6.00000024E-02   0.00000000       1.00000000       1.00000000       0.00000000    
   6.33333325E-02   0.00000000       1.00000000       1.00000000       0.00000000    
   6.66666701E-02   0.00000000       1.00000000       1.00000000       0.00000000    
   7.00000003E-02   0.00000000       1.00000000       1.00000000       0.00000000    
   7.33333379E-02   0.00000000       1.00000000       1.00000000       0.00000000    
   7.66666681E-02   0.00000000       1.00000000       1.00000000       0.00000000    
   7.99999982E-02   0.00000000       1.00000000       1.00000000       0.00000000    
   8.33333358E-02   0.00000000       1.00000000       1.00000000       0.00000000    
   8.66666660E-02   0.00000000       1.00000000       1.00000000       0.00000000    
   9.00000036E-02   0.00000000       1.00000000       1.00000000       0.00000000    
   9.33333337E-02   0.00000000       1.00000000       1.00000000       0.00000000    
   9.66666713E-02   0.00000000       1.00000000       1.00000000       0.00000000    
  0.100000001       0.00000000       1.00000000       1.00000000       0.00000000    
  0.103333339       0.00000000       1.00000000       1.00000000       0.00000000    
  0.106666669       0.00000000       1.00000000       1.00000000       0.00000000    
  0.109999999       0.00000000       1.00000000       1.00000000       0.00000000    
  0.113333337       0.00000000       1.00000000       1.00000000       0.00000000    
  0.116666667       0.00000000       1.00000000       1.00000000       0.00000000    
  0.120000005       0.00000000       1.00000000       1.00000000       0.00000000    
  0.123333335       0.00000000       1.00000000       1.00000000       0.00000000    
  0.126666665       0.00000000       1.00000000       1.00000000       0.00000000    
  0.130000010       0.00000000       1.00000000       1.00000000       0.00000000    
  0.133333340       0.00000000       1.00000000       1.00000000       0.00000000    
  0.136666670       0.00000000       1.00000000       1.00000000       0.00000000    
  0.140000001       0.00000000       1.00000000       1.00000000       0.00000000    
  0.143333331       0.00000000       1.00000000       1.00000000       0.00000000    
  0.146666676       0.00000000       1.00000000       1.00000000       0.00000000    
  0.150000006       0.00000000       1.00000000       1.00000000       0.00000000    
  0.153333336       0.00000000       1.00000000       1.00000000       0.00000000    
  0.156666666       0.00000000       1.00000000       1.00000000       0.00000000    
  0.159999996       0.00000000       1.00000000       1.00000000       0.00000000    
  0.163333341       0.00000000       1.00000000       1.00000000       0.00000000    
  0.166666672       0.00000000       1.00000000       1.00000000       0.00000000    
  0.170000002       0.00000000       1.00000000       1.00000000       0.00000000    
  0.173333332       0.00000000       1.00000000       1.00000000       0.00000000    
  0.176666677       0.00000000       1.00000000       1.00000000       0.00000000    
  0.180000007       0.00000000       1.00000000       1.00000000       0.00000000    
  0.183333337       0.00000000       1.00000000       1.00000000       0.00000000    
  0.186666667       0.00000000       1.00000000       1.00000000       0.00000000    
  0.189999998       0.00000000       1.00000000       1.00000000       0.00000000    
  0.193333343       0.00000000       1.00000000       1.00000000       0.00000000    
  0.196666673       0.00000000       1.00000000       1.00000000       0.00000000    
  0.200000003       0.00000000       1.00000000       1.00000000       0.00000000    
  0.203333333       0.00000000       1.00000000       1.00000000       0.00000000    
  0.206666678       0.00000000       1.00000000       1.00000000       0.00000000    
  0.210000008       0.00000000       1.00000000       1.00000000       0.00000000    
  0.213333338       0.00000000       1.00000000       1.00000000       0.00000000    
  0.216666669       0.00000000       1.00000000       1.00000000       0.00000000    
  0.219999999       0.00000000       1.00000000       1.00000000       0.00000000    
  0.223333344       0.00000000       1.00000000       1.00000000       0.00000000    
  0.226666674       0.00000000       1.00000000       1.00000000       0.00000000    
  0.230000004       0.00000000       1.00000000       1.00000000       0.00000000    
  0.233333334       0.00000000       1.00000000       1.00000000       0.00000000    
  0.236666679       0.00000000       1.00000000       1.00000000       0.00000000    
  0.240000010       0.00000000       1.00000000       1.00000000       0.00000000    
  0.243333340       0.00000000       1.00000000       1.00000000       0.00000000    
  0.246666670       0.00000000       1.00000000       1.00000000       0.00000000    
  0.250000000       0.00000000       1.00000000       1.00000000       0.00000000    
  0.253333330       0.00000000       1.00000000       1.00000000       0.00000000    
  0.256666660       0.00000000       1.00000000       1.00000000       0.00000000    
  0.260000020       0.00000000       1.00000000       1.00000000       0.00000000    
  0.263333350       0.00000000       1.00000000       1.00000000       0.00000000    
  0.266666681       0.00000000       1.00000000       1.00000000       0.00000000    
  0.270000011       0.00000000       1.00000000       1.00000000       0.00000000    
  0.273333341       0.00000000       1.00000000       1.00000000       0.00000000    
  0.276666671       0.00000000       1.00000000       1.00000000       0.00000000    
  0.280000001       0.00000000       1.00000000       1.00000000       0.00000000    
  0.283333331       0.00000000       1.00000000       1.00000000       0.00000000    
  0.286666662       0.00000000       1.00000000       1.00000000       0.00000000    
  0.290000021       0.00000000       1.00000000       1.00000000       0.00000000    
  0.293333352       0.00000000       1.00000000       1.00000000       0.00000000    
  0.296666682       0.00000000       1.00000000       1.00000000       0.00000000    
  0.300000012       0.00000000       1.00000000       1.00000000       0.00000000    
  0.303333342       0.00000000       1.00000000       1.00000000       0.00000000    
  0.306666672       0.00000000       1.00000000       1.00000000       0.00000000    
  0.310000002       0.00000000       1.00000000       1.00000000       0.00000000    
  0.313333333       0.00000000       1.00000000       1.00000000       0.00000000    
  0.316666663       0.00000000       1.00000000       1.00000000       0.00000000    
  0.319999993       0.00000000       1.00000000       1.00000000       0.00000000    
  0.323333353       0.00000000       1.00000000       1.00000000       0.00000000    
  0.326666683       0.00000000       1.00000000       1.00000000       0.00000000    
  0.330000013       0.00000000       1.00000000       1.00000000       0.00000000    
  0.333333343       0.00000000       1.00000000       1.00000000       0.00000000    
  0.336666673       0.00000000       1.00000000       1.00000000       0.00000000    
  0.340000004       0.00000000       1.00000000       1.00000000       0.00000000    
  0.343333334       0.00000000       1.00000000       1.00000000       0.00000000    
  0.346666664       0.00000000       1.00000000       1.00000000       0.00000000    
  0.349999994       0.00000000       1.00000000       1.00000000       0.00000000    
  0.353333354       0.00000000       1.00000000       1.00000000       0.00000000    
  0.356666684       0.00000000       1.00000000       1.00000000       0.00000000    
  0.360000014       0.00000000       1.00000000       1.00000000       0.00000000    
  0.363333344       0.00000000       1.00000000       1.00000000       0.00000000    
  0.366666675       0.00000000       1.00000000       1.00000000       0.00000000    
  0.370000005       0.00000000       1.00000000       1.00000000       0.00000000    
  0.373333335       0.00000000       1.00000000       1.00000000       0.00000000    
  0.376666665       0.00000000       1.00000000       1.00000000       0.00000000    
  0.379999995       0.00000000       1.00000000       1.00000000       0.00000000    
  0.383333355       0.00000000       1.00000000       1.00000000       0.00000000    
  0.386666685       0.00000000       1.00000000       1.00000000       0.00000000    
  0.390000015       0.00000000       1.00000000       1.00000000       0.00000000    
  0.393333346       0.00000000       1.00000000       1.00000000       0.00000000    
  0.396666676       0.00000000       1.00000000       1.00000000       0.00000000    
  0.400000006       0.00000000       1.00000000       1.00000000       0.00000000    
  0.403333336       0.00000000       1.00000000       1.00000000       0.00000000    
  0.406666666       0.00000000       1.00000000       1.00000000       0.00000000    
  0.409999996       0.00000000       1.00000000       1.00000000       0.00000000    
  0.413333356       0.00000000       1.00000000       1.00000000       0.00000000    
  0.416666687       0.00000000       1.00000000       1.00000000       0.00000000    
  0.420000017       0.00000000       1.00000000       1.00000000       0.00000000    
  0.423333347       0.00000000       1.00000000       1.00000000       0.00000000    
  0.426666677       0.00000000       1.00000000       1.00000000       0.00000000    
  0.430000007       0.00000000       1.00000000       1.00000000       0.00000000    
  0.433333337       0.00000000       1.00000000       1.00000000       0.00000000    
  0.436666667       0.00000000       1.00000000       1.00000000       0.00000000    
  0.439999998      -2.59836046E-08   1.00000000       1.00000000      -2.19601528E-08
  0.443333358       1.03440037E-07  0.999999940       1.00000000       8.74227979E-08
  0.446666688       6.42390461E-08   1.00000012       1.00000012       5.42919025E-08
  0.450000018      -5.55702513E-07   1.00000072       1.00000060      -4.69654339E-07
  0.453333348      -6.80192102E-07   1.00000095       1.00000083      -5.74867215E-07
  0.456666678       1.72216573E-06  0.999998033      0.999998748       1.45549632E-06
  0.460000008       4.76067544E-06  0.999994278      0.999995768       4.02350770E-06
  0.463333338      -3.68435099E-06   1.00000441       1.00000274      -3.11384224E-06
  0.466666669      -2.14240135E-05   1.00002563       1.00001872      -1.81065334E-05
  0.469999999       1.54876834E-05  0.999982893      0.999985695       1.30894996E-05
  0.473333359       1.14900002E-04  0.999858856      0.999894619       9.71099653E-05
  0.476666689       2.43622169E-04  0.999710441      0.999810517       2.05908626E-04
  0.480000019       2.18600128E-03  0.997462213      0.998137653       1.84813375E-03
  0.483333349       5.85658103E-02  0.932631433      0.951024711       4.99828495E-02
  0.486666679      0.153297424      0.831941545      0.876812160      0.133007973    
  0.490000010      0.272748917      0.718968034      0.795933068      0.242539525    
  0.493333340      0.430895329      0.596045792      0.693832099      0.392911881    
  0.496666670      0.636153400      0.453355342      0.563488245      0.599405706    
  0.500000000      0.794236541      0.364022166      0.479197830      0.770157218    
  0.503333330      0.866053343      0.329675615      0.448695511      0.853911936    
  0.506666660      0.901508927      0.315028638      0.434252173      0.894544601    
  0.509999990      0.922090888      0.306527227      0.403309554      0.893911362    
  0.513333321      0.931400299      0.302821994      0.347573966      0.843339145    
  0.516666651      0.933716297      0.302444518      0.298922449      0.784525931    
  0.520000041      0.935733438      0.303148627      0.267128319      0.742369771    
  0.523333371      0.884197295      0.285848528      0.250474542      0.699518144    
  0.526666701      0.529111326      0.190642029      0.185454369      0.441054523    
  0.530000031       5.34509756E-02  0.107283160      0.131854266       5.00809923E-02
  0.533333361      -8.15731846E-03   9.89848897E-02  0.124342643      -7.72696547E-03
  0.536666691      -1.35529949E-03   9.98097956E-02  0.124835066      -1.28101138E-03
  0.540000021       1.91244413E-04  0.100025624      0.125017911       1.80698771E-04
  0.543333352       1.04351813E-04  0.100014016      0.125013635       9.86016676E-05
  0.546666682      -4.43098688E-05   9.99940634E-02  0.124994963      -4.18692871E-05
  0.550000012      -2.53238068E-05   9.99966636E-02  0.124996953      -2.39288565E-05
  0.553333342       4.30939008E-06  0.100000568      0.125000522       4.07198786E-06
  0.556666672       3.73170383E-06  0.100000478      0.125000432       3.52612642E-06
  0.560000002      -6.28810028E-07   9.99998972E-02  0.124999911      -5.94169705E-07
  0.563333333      -5.88159935E-07   9.99999270E-02  0.124999940      -5.55758959E-07
  0.566666663       1.84276079E-08  0.100000009      0.125000045       1.74124555E-08
  0.569999993       7.85570364E-08  0.100000009      0.125000015       7.42294262E-08
  0.573333323      -4.85641465E-08   9.99999940E-02  0.125000000      -4.58888074E-08
  0.576666653      -1.24019792E-07  0.100000009      0.125000000      -1.17187675E-07
  0.580000043       2.27100774E-08  0.100000009      0.125000015       2.14590070E-08
  0.583333373      -7.41752215E-09  0.100000009      0.125000000      -7.00889924E-09
  0.586666703      -1.23956889E-09  0.100000009      0.125000000      -1.17128240E-09
  0.590000033       0.00000000      0.100000009      0.125000000       0.00000000    
  0.593333364       0.00000000      0.100000009      0.125000000       0.00000000    
  0.596666694       0.00000000      0.100000009      0.125000000       0.00000000    
  0.600000024       0.00000000      0.100000009      0.125000000       0.00000000    
  0.603333354       0.00000000      0.100000009      0.125000000       0.00000000    
  0.606666684       0.00000000      0.100000009      0.125000000       0.00000000    
  0.610000014       0.00000000      0.100000009      0.125000000       0.00000000    
  0.613333344       0.00000000      0.100000009      0.125000000       0.00000000    
  0.616666675       0.00000000      0.100000009      0.125000000       0.00000000    
  0.620000005       0.00000000      0.100000009      0.125000000       0.00000000    
  0.623333335       0.00000000      0.100000009      0.125000000       0.00000000    
  0.626666665       0.00000000      0.100000009      0.125000000       0.00000000    
  0.629999995       0.00000000      0.100000009      0.125000000       0.00000000    
  0.633333325       0.00000000      0.100000009      0.125000000       0.00000000    
  0.636666656       0.00000000      0.100000009      0.125000000       0.00000000    
  0.639999986       0.00000000      0.100000009      0.125000000       0.00000000    
  0.643333375       0.00000000      0.100000009      0.125000000       0.00000000    
  0.646666706       0.00000000      0.100000009      0.125000000       0.00000000    
  0.650000036       0.00000000      0.100000009      0.125000000       0.00000000    
  0.653333366       0.00000000      0.100000009      0.125000000       0.00000000    
  0.656666696       0.00000000      0.100000009      0.125000000       0.00000000    
  0.660000026       0.00000000      0.100000009      0.125000000       0.00000000    
  0.663333356       0.00000000      0.100000009      0.125000000       0.00000000    
  0.666666687       0.00000000      0.100000009      0.125000000       0.00000000    
  0.670000017       0.00000000      0.100000009      0.125000000       0.00000000    
  0.673333347       0.00000000      0.100000009      0.125000000       0.00000000    
  0.676666677       0.00000000      0.100000009      0.125000000       0.00000000    
  0.680000007       0.00000000      0.100000009      0.125000000       0.00000000    
  0.683333337       0.00000000      0.100000009      0.125000000       0.00000000    
  0.686666667       0.00000000      0.100000009      0.125000000       0.00000000    
  0.689999998       0.00000000      0.100000009      0.125000000       0.00000000    
  0.693333328       0.00000000      0.100000009      0.125000000       0.00000000    
  0.696666658       0.00000000      0.100000009      0.125000000       0.00000000    
  0.699999988       0.00000000      0.100000009      0.125000000       0.00000000    
  0.703333378       0.00000000      0.100000009      0.125000000       0.00000000    
  0.706666708       0.00000000      0.100000009      0.125000000       0.00000000    
  0.710000038       0.00000000      0.100000009      0.125000000       0.00000000    
  0.713333368       0.00000000      0.100000009      0.125000000       0.00000000    
  0.716666698       0.00000000      0.100000009      0.125000000       0.00000000    
  0.720000029       0.00000000      0.100000009      0.125000000       0.00000000    
  0.723333359       0.00000000      0.100000009      0.125000000       0.00000000    
  0.726666689       0.00000000      0.100000009      0.125000000       0.00000000    
  0.730000019       0.00000000      0.100000009      0.125000000       0.00000000    
  0.733333349       0.00000000      0.100000009      0.125000000       0.00000000    
  0.736666679       0.00000000      0.100000009      0.125000000       0.00000000    
  0.740000010       0.00000000      0.100000009      0.125000000       0.00000000    
  0.743333340       0.00000000      0.100000009      0.125000000       0.00000000    
  0.746666670       0.00000000      0.100000009      0.125000000       0.00000000    
  0.750000000       0.00000000      0.100000009      0.125000000       0.00000000    
  0.753333330       0.00000000      0.100000009      0.125000000       0.00000000    
  0.756666660       0.00000000      0.100000009      0.125000000       0.00000000    
  0.759999990       0.00000000      0.100000009      0.125000000       0.00000000    
  0.763333380       0.00000000      0.100000009      0.125000000       0.00000000    
  0.766666710       0.00000000      0.100000009      0.125000000       0.00000000    
  0.770000041       0.00000000      0.100000009      0.125000000       0.00000000    
  0.773333371       0.00000000      0.100000009      0.125000000       0.00000000    
  0.776666701       0.00000000      0.100000009      0.125000000       0.00000000    
  0.780000031       0.00000000      0.100000009      0.125000000       0.00000000    
  0.783333361       0.00000000      0.100000009      0.125000000       0.00000000    
  0.786666691       0.00000000      0.100000009      0.125000000       0.00000000    
  0.790000021       0.00000000      0.100000009      0.125000000       0.00000000    
  0.793333352       0.00000000      0.100000009      0.125000000       0.00000000    
  0.796666682       0.00000000      0.100000009      0.125000000       0.00000000    
  0.800000012       0.00000000      0.100000009      0.125000000       0.00000000    
  0.803333342       0.00000000      0.100000009      0.125000000       0.00000000    
  0.806666672       0.00000000      0.100000009      0.125000000       0.00000000    
  0.810000002       0.00000000      0.100000009      0.125000000       0.00000000    
  0.813333333       0.00000000      0.100000009      0.125000000       0.00000000    
  0.816666663       0.00000000      0.100000009      0.125000000       0.00000000    
  0.819999993       0.00000000      0.100000009      0.125000000       0.00000000    
  0.823333383       0.00000000      0.100000009      0.125000000       0.00000000    
  0.826666713       0.00000000      0.100000009      0.125000000       0.00000000    
  0.830000043       0.00000000      0.100000009      0.125000000       0.00000000    
  0.833333373       0.00000000      0.100000009      0.125000000       0.00000000    
  0.836666703       0.00000000      0.100000009      0.125000000       0.00000000    
  0.840000033       0.00000000      0.100000009      0.125000000       0.00000000    
  0.843333364       0.00000000      0.100000009      0.125000000       0.00000000    
  0.846666694       0.00000000      0.100000009      0.125000000       0.00000000    
  0.850000024       0.00000000      0.100000009      0.125000000       0.00000000    
  0.853333354       0.00000000      0.100000009      0.125000000       0.00000000    
  0.856666684       0.00000000      0.100000009      0.125000000       0.00000000    
  0.860000014       0.00000000      0.100000009      0.125000000       0.00000000    
  0.863333344       0.00000000      0.100000009      0.125000000       0.00000000    
  0.866666675       0.00000000      0.100000009      0.125000000       0.00000000    
  0.870000005       0.00000000      0.100000009      0.125000000       0.00000000    
  0.873333335       0.00000000      0.100000009      0.125000000       0.00000000    
  0.876666665       0.00000000      0.100000009      0.125000000       0.00000000    
  0.879999995       0.00000000      0.100000009      0.125000000       0.00000000    
  0.883333325       0.00000000      0.100000009      0.125000000       0.00000000    
  0.886666715       0.00000000      0.100000009      0.125000000       0.00000000    
  0.890000045       0.00000000      0.100000009      0.125000000       0.00000000    
  0.893333375       0.00000000      0.100000009      0.125000000       0.00000000    
  0.896666706       0.00000000      0.100000009      0.125000000       0.00000000    
  0.900000036       0.00000000      0.100000009      0.125000000       0.00000000    
  0.903333366       0.00000000      0.100000009      0.125000000       0.00000000    
  0.906666696       0.00000000      0.100000009      0.125000000       0.00000000    
  0.910000026       0.00000000      0.100000009      0.125000000       0.00000000    
  0.913333356       0.00000000      0.100000009      0.125000000       0.00000000    
  0.916666687       0.00000000      0.100000009      0.125000000       0.00000000    
  0.920000017       0.00000000      0.100000009      0.125000000       0.00000000    
  0.923333347       0.00000000      0.100000009      0.125000000       0.00000000    
  0.926666677       0.00000000      0.100000009      0.125000000       0.00000000    
  0.930000007       0.00000000      0.100000009      0.125000000       0.00000000    
  0.933333337       0.00000000      0.100000009      0.125000000       0.00000000    
  0.936666667       0.00000000      0.100000009      0.125000000       0.00000000    
  0.939999998       0.00000000      0.100000009      0.125000000       0.00000000    
  0.943333328       6.19784446E-09  0.100000009      0.125000000       5.85641224E-09
  0.946666718      -4.95827557E-09  0.100000009      0.125000000      -4.68512962E-09
  0.950000048       1.98331023E-08  0.100000009      0.125000000       1.87405185E-08
  0.953333378       5.46404841E-08  0.100000009      0.125000000       5.16304013E-08
  0.956666708       7.64134924E-08   9.99999940E-02  0.125000000       7.22039672E-08
  0.960000038       9.05608744E-09  0.100000009      0.125000015       8.55719851E-09
  0.963333368      -3.86990742E-08   9.99999940E-02  0.125000000      -3.65671902E-08
  0.966666698       2.56545132E-08  0.100000009      0.125000000       2.42412348E-08
  0.970000029      -5.10183851E-09  0.100000009      0.125000000      -4.82078377E-09
  0.973333359      -5.24060404E-08  0.100000009      0.125000000      -4.95190484E-08
  0.976666689      -9.52913766E-08  0.100000009      0.125000000      -9.00418797E-08
  0.980000019       2.37422171E-08   9.99999940E-02  0.125000000       2.24342873E-08
  0.983333349       1.43429347E-07   9.99999940E-02  0.125000000       1.35527998E-07
  0.986666679       1.07623627E-07  0.100000031      0.125000015       1.01694759E-07
  0.990000010       5.94774185E-08  0.100000009      0.125000015       5.62008786E-08
  0.993333340       1.14692774E-07   9.99999940E-02  0.125000000       1.08374486E-07
  0.996666670       2.03538679E-08   9.99999866E-02  0.125000000       1.92325977E-08
   1.00000000       0.00000000      0.100000009      0.125000000       0.00000000    
